0 16 89
1 39 22
2 24 94
3 28 97
4 43 60
5 41 89
6 52 33
7 67 59
8 3 62
9 89 44
10 68 84
11 67 88
12 4 45
13 60 45
14 0 51
15 47 5
16 22 44
17 57 17
18 41 79
19 46 32
20 36 57
21 3 30
22 30 63
23 8 38
24 35 96
25 93 16
26 78 83
27 60 34
28 79 38
29 23 72
30 35 18
31 1 76
32 81 5
33 94 85
34 99 74
35 28 89
36 54 92
37 70 40
38 85 37
39 88 51
40 49 72
41 63 38
42 57 16
43 15 31
44 98 2
45 74 62
46 72 27
47 12 25
48 54 100
49 30 100
50 53 99
51 61 75
52 48 60
53 14 96
54 59 34
55 74 27
56 22 19
57 82 16
58 67 4
59 93 73
60 68 0
61 90 5
62 60 100
63 52 34
64 62 29
65 69 78
66 36 55
67 72 36
68 40 85
69 46 7
70 93 64
71 53 92
72 24 36
73 53 18
74 27 47
75 38 95
76 8 53
77 90 20
78 37 28
79 6 46
80 31 46
81 22 63
82 33 55
83 3 1
84 34 66
85 91 66
86 91 37
87 29 2
88 61 23
89 88 23
90 23 47
91 53 6
92 52 60
93 80 54
94 71 37
95 96 45
96 46 60
97 26 90
98 64 1
99 10 70
100 22 48
101 73 91
102 46 21
103 84 16
104 67 12
105 17 58
106 32 20
107 22 68
108 63 58
109 35 56
110 42 86
111 38 71
112 74 100
113 36 70
114 51 74
115 41 52
116 47 36
117 31 85
118 55 26
119 84 57
120 59 46
121 96 68
122 92 24
123 81 4
124 73 91
125 24 11
126 83 38
127 5 71
128 12 84
129 53 53
130 17 11
131 35 41
132 27 60
133 3 5
134 44 59
135 67 97
136 9 26
137 22 8
138 46 89
139 33 28
140 61 63
141 98 3
142 42 79
143 55 13
144 20 71
145 56 66
146 68 81
147 76 86
148 0 46
149 70 38
150 71 59
151 23 40
152 27 41
153 56 16
154 97 42
155 50 70
156 52 49
157 78 85
158 88 6
159 38 7
160 27 87
161 5 50
162 64 36
163 22 42
164 85 36
165 16 85
166 24 67
167 33 87
168 81 62
169 15 43
170 68 18
171 40 8
172 39 64
173 29 72
174 28 89
175 64 56
176 11 0
177 42 11
178 25 40
179 76 79
180 11 95
181 56 90
182 12 30
183 19 2
184 42 5
185 53 79
186 32 19
187 67 15
188 25 52
189 22 98
190 52 19
191 76 50
192 68 8
193 43 83
194 22 74
195 27 20
196 97 69
197 69 100
198 23 84
199 77 86
200 86 20
201 42 2
202 51 23
203 10 36
204 30 75
205 93 33
206 1 39
207 62 42
208 8 57
209 92 79
210 86 11
211 60 36
212 60 48
213 16 13
214 45 81
215 43 36
216 26 17
217 94 60
218 23 53
219 50 10
220 93 92
221 83 71
222 28 85
223 1 17
224 51 92
225 29 4
226 29 87
227 18 96
228 62 41
229 83 39
230 67 25
231 40 4
232 51 95
233 74 55
234 34 84
235 73 97
236 78 91
237 63 8
238 51 44
239 0 90
240 58 25
241 71 58
242 91 41
243 21 63
244 32 24
245 82 90
246 77 76
247 23 65
248 27 28
249 35 36
250 19 56
251 55 36
252 97 96
253 17 4
254 0 54
255 97 8
256 58 2
257 92 4
258 51 2
259 67 2
260 12 62
261 22 90
262 12 1
263 81 4
264 43 91
265 94 99
266 48 2
267 3 19
268 90 39
269 90 36
270 79 96
271 31 57
272 22 39
273 53 91
274 100 4
275 29 44
276 41 49
277 51 35
278 64 97
279 11 84
280 11 62
281 11 49
282 34 26
283 57 2
284 2 87
285 65 82
286 98 18
287 0 76
288 47 62
289 82 60
290 48 62
291 61 62
292 70 85
293 41 3
294 65 87
295 65 44
296 93 45
297 91 63
298 41 62
299 12 79
300 18 45
301 61 71
302 85 67
303 85 99
304 92 48
305 24 9
306 77 17
307 2 62
308 30 4
309 5 15
310 22 21
311 25 91
312 55 9
313 4 5
314 67 82
315 97 90
316 92 35
317 45 56
318 70 45
319 97 47
320 90 89
321 86 16
322 34 41
323 33 90
324 26 39
325 53 20
326 50 3
327 53 84
328 87 84
329 27 66
330 75 81
331 1 63
332 59 100
333 2 26
334 34 75
335 4 52
336 75 96
337 94 75
338 63 14
339 65 11
340 45 51
341 48 56
342 43 79
343 86 87
344 4 62
345 19 4
346 74 4
347 65 18
348 67 44
349 4 55
350 99 23
351 51 65
352 96 7
353 68 28
354 92 0
355 100 96
356 23 27
357 54 10
358 49 90
359 33 45
360 100 37
361 41 79
362 90 74
363 28 34
364 54 26
365 71 64
366 33 50
367 30 32
368 61 84
369 85 31
370 14 74
371 72 90
372 68 49
373 45 68
374 83 53
375 9 96
376 52 86
377 51 43
378 1 51
379 9 67
380 7 92
381 55 96
382 91 100
383 96 28
384 83 76
385 55 42
386 13 64
387 78 39
388 71 21
389 77 72
390 92 55
391 92 69
392 32 0
393 12 98
394 5 43
395 15 100
396 88 47
397 61 86
398 69 77
399 18 60
400 36 83
401 1 100
402 43 72
403 20 14
404 77 36
405 72 40
406 51 37
407 98 63
408 32 16
409 27 74
410 56 17
411 95 24
412 55 52
413 73 80
414 63 42
415 66 43
416 26 48
417 37 20
418 3 98
419 89 19
420 41 89
421 68 32
422 8 70
423 98 60
424 21 65
425 53 32
426 82 72
427 74 36
428 76 41
429 25 57
430 48 9
431 53 41
432 51 25
433 6 65
434 26 51
435 51 8
436 68 14
437 53 11
438 41 9
439 98 67
440 31 27
441 100 28
442 18 49
443 99 79
444 90 85
445 34 30
446 95 41
447 67 34
448 46 62
449 97 14
450 0 25
451 12 64
452 68 47
453 46 54
454 0 12
455 61 17
456 32 21
457 72 40
458 96 5
459 52 63
460 68 89
461 95 59
462 12 23
463 71 4
464 96 54
465 79 83
466 69 24
467 37 49
468 8 14
469 95 25
470 46 79
471 78 2
472 82 22
473 76 1
474 29 7
475 36 16
476 100 86
477 66 26
478 92 90
479 37 6
480 69 19
481 71 35
482 50 52
483 7 81
484 66 50
485 64 1
486 2 65
487 33 49
488 53 79
489 0 77
490 87 59
491 45 30
492 33 16
493 7 59
494 83 65
495 13 50
496 16 23
497 44 57
498 97 45
499 37 97
500 40 83
501 84 43
502 37 27
503 52 80
504 34 76
505 81 40
506 71 11
507 50 96
508 97 93
509 48 11
510 84 94
511 56 68
512 96 88
513 27 45
514 47 12
515 66 4
516 56 34
517 24 90
518 29 2
519 23 82
520 2 6
521 38 88
522 43 30
523 7 9
524 57 34
525 90 41
526 2 62
527 45 73
528 17 94
529 13 26
530 29 93
531 19 89
532 39 6
533 86 64
534 55 84
535 36 19
536 87 41
537 98 41
538 4 16
539 99 100
540 22 16
541 6 71
542 6 30
543 88 92
544 25 7
545 0 28
546 76 41
547 30 76
548 16 87
549 17 91
550 75 63
551 40 0
552 53 48
553 4 74
554 95 54
555 81 28
556 55 69
557 62 13
558 62 70
559 91 95
560 44 6
561 37 6
562 43 78
563 58 42
564 54 3
565 77 54
566 67 71
567 85 73
568 60 67
569 23 100
570 24 40
571 73 52
572 22 6
573 96 12
574 18 10
575 57 2
576 31 20
577 66 87
578 93 46
579 100 48
580 25 61
581 72 17
582 5 5
583 82 33
584 34 43
585 67 32
586 43 41
587 93 74
588 67 25
589 17 62
590 72 33
591 97 88
592 29 40
593 34 32
594 41 32
595 72 19
596 40 61
597 36 52
598 68 49
599 47 87
600 72 53
601 76 12
602 69 77
603 22 58
604 14 52
605 42 5
606 39 78
607 3 19
608 4 15
609 11 32
610 38 59
611 72 6
612 11 7
613 88 54
614 87 25
615 16 63
616 40 37
617 69 23
618 70 13
619 8 80
620 23 16
621 8 50
622 90 28
623 18 81
624 79 0
625 16 56
626 3 48
627 21 14
628 36 57
629 69 71
630 10 34
631 4 64
632 80 97
633 20 57
634 19 48
635 17 22
636 13 16
637 2 71
638 7 63
639 73 58
640 21 70
641 65 40
642 57 22
643 57 15
644 60 0
645 73 55
646 77 80
647 22 0
648 47 29
649 19 8
650 68 45
651 25 25
652 82 34
653 11 60
654 81 66
655 73 70
656 12 85
657 67 46
658 87 9
659 6 96
660 85 17
661 0 33
662 87 44
663 55 35
664 47 19
665 57 79
666 85 6
667 44 53
668 71 78
669 53 98
670 69 97
671 93 0
672 66 2
673 94 84
674 97 32
675 44 64
676 2 15
677 14 76
678 63 23
679 49 83
680 20 24
681 75 23
682 11 2
683 81 12
684 84 17
685 62 53
686 21 83
687 11 71
688 76 20
689 21 90
690 66 2
691 51 76
692 66 21
693 92 76
694 81 53
695 96 94
696 56 12
697 99 32
698 0 64
699 25 16
700 84 89
701 71 22
702 79 8
703 83 83
704 10 68
705 96 0
706 24 52
707 52 94
708 97 20
709 93 66
710 77 59
711 94 38
712 21 73
713 99 33
714 5 98
715 7 80
716 16 47
717 57 37
718 48 26
719 88 81
720 92 49
721 31 37
722 35 74
723 4 91
724 58 21
725 52 77
726 69 66
727 47 85
728 29 51
729 42 18
730 89 26
731 2 97
732 43 51
733 5 39
734 83 12
735 90 78
736 19 6
737 80 79
738 56 59
739 10 4
740 26 96
741 52 5
742 79 79
743 59 80
744 11 42
745 26 92
746 5 87
747 63 96
748 84 29
749 92 8
750 60 29
751 3 10
752 34 92
753 6 37
754 31 6
755 17 24
756 64 24
757 94 42
758 65 63
759 99 7
760 84 80
761 36 8
762 30 79
763 91 14
764 85 4
765 67 6
766 33 77
767 29 66
768 60 67
769 94 78
770 94 65
771 3 11
772 44 9
773 56 29
774 67 44
775 97 1
776 25 57
777 73 38
778 72 74
779 90 95
780 91 58
781 2 64
782 21 15
783 31 9
784 2 25
785 70 66
786 50 15
787 1 9
788 91 60
789 81 81
790 66 94
791 64 8
792 17 16
793 97 86
794 100 77
795 56 18
796 94 49
797 39 3
798 27 61
799 20 38
800 8 89
801 18 89
802 18 30
803 88 51
804 19 72
805 23 87
806 97 45
807 19 56
808 49 5
809 74 47
810 4 42
811 58 7
812 94 58
813 96 8
814 33 39
815 27 61
816 8 48
817 33 42
818 40 2
819 56 34
820 79 12
821 39 44
822 38 83
823 66 27
824 71 31
825 83 6
826 67 1
827 57 33
828 65 81
829 67 13
830 33 36
831 2 6
832 23 41
833 90 59
834 73 6
835 24 97
836 5 14
837 12 16
838 7 21
839 86 92
840 55 24
841 41 62
842 52 72
843 50 91
844 79 83
845 30 37
846 70 73
847 84 1
848 51 77
849 24 83
850 15 65
851 79 27
852 25 35
853 89 41
854 49 80
855 39 44
856 31 40
857 74 39
858 90 58
859 39 11
860 72 75
861 58 33
862 17 21
863 76 50
864 16 80
865 46 46
866 74 90
867 43 48
868 94 58
869 53 19
870 0 6
871 71 11
872 87 39
873 61 27
874 79 8
875 67 93
876 89 62
877 24 33
878 31 93
879 38 17
880 34 64
881 91 85
882 18 10
883 9 64
884 14 69
885 59 52
886 73 68
887 6 16
888 93 70
889 91 72
890 88 45
891 75 31
892 83 48
893 13 92
894 12 1
895 85 3
896 21 69
897 3 56
898 0 0
899 42 75
900 38 3
901 9 59
902 25 77
903 84 87
904 79 17
905 34 46
906 5 86
907 19 89
908 26 16
909 72 52
910 14 28
911 6 64
912 36 70
913 67 3
914 25 54
915 91 10
916 58 33
917 69 47
918 51 1
919 89 62
920 44 6
921 10 0
922 59 10
923 28 9
924 47 72
925 83 73
926 15 72
927 59 97
928 11 40
929 42 18
930 87 98
931 46 9
932 67 17
933 43 29
934 26 98
935 55 44
936 14 27
937 1 45
938 74 15
939 54 50
940 15 56
941 32 72
942 59 36
943 33 58
944 33 25
945 93 20
946 24 8
947 88 52
948 47 22
949 92 20
950 91 84
951 55 43
952 75 8
953 92 91
954 57 81
955 96 18
956 87 45
957 96 94
958 20 61
959 97 65
960 100 17
961 96 89
962 35 59
963 85 26
964 82 97
965 48 42
966 94 60
967 54 81
968 11 94
969 9 5
970 58 13
971 60 94
972 65 54
973 17 38
974 2 60
975 76 94
976 38 67
977 50 47
978 81 70
979 88 88
980 42 64
981 54 15
982 39 19
983 28 62
984 32 79
985 88 20
986 31 37
987 42 30
988 75 96
989 25 14
990 49 89
991 98 97
992 86 35
993 31 34
994 61 55
995 68 44
996 53 18
997 10 28
998 42 27
999 76 20
