generacja 0, waga 999, wartosc 1740, ocena 2609:
		420 41 89
		399 18 60
		180 11 95
		526 2 62
		386 13 64
		470 46 79
		625 16 56
		250 19 56
		161 5 50
		66 36 55
		90 23 47
		524 57 34
		731 2 97
		404 77 36
		691 51 76
		369 85 31
		20 36 57
		244 32 24
		899 42 75
		125 24 11
		131 35 41
		686 21 83
		29 23 72
		214 45 81
		926 15 72
		786 50 15
		634 19 48
		27 60 34
		282 34 26
		739 10 4
		664 47 19
		723 4 91
generacja 1, waga 957, wartosc 1468, ocena 2159:
		899 42 75
		687 11 71
		218 23 53
		968 11 94
		290 48 62
		656 12 85
		517 24 90
		808 49 5
		964 82 97
		633 20 57
		785 70 66
		483 7 81
		802 18 30
		188 25 52
		410 56 17
		962 35 59
		861 58 33
		920 44 6
		40 49 72
		896 21 69
		82 33 55
		25 93 16
		300 18 45
		100 22 48
		260 12 62
		84 34 66
		818 40 2
generacja 2, waga 974, wartosc 1564, ocena 2320:
		516 56 34
		271 31 57
		597 36 52
		895 85 3
		815 27 61
		375 9 96
		203 10 36
		253 17 4
		24 35 96
		561 37 6
		695 96 94
		884 14 69
		291 61 62
		63 52 34
		317 45 56
		215 43 36
		914 25 54
		716 16 47
		543 88 92
		226 29 87
		656 12 85
		529 13 26
		850 15 65
		569 23 100
		409 27 74
		899 42 75
		22 30 63
generacja 3, waga 970, wartosc 1585, ocena 2347.5:
		902 25 77
		740 26 96
		758 65 63
		2 24 94
		86 91 37
		22 30 63
		934 26 98
		273 53 91
		962 35 59
		487 33 49
		174 28 89
		828 65 81
		951 55 43
		144 20 71
		133 3 5
		543 88 92
		442 18 49
		703 83 83
		924 47 72
		124 73 91
		887 6 16
		519 23 82
		327 53 84
generacja 4, waga 966, wartosc 1546, ocena 2285:
		90 23 47
		962 35 59
		243 21 63
		251 55 36
		373 45 68
		271 31 57
		902 25 77
		740 26 96
		758 65 63
		2 24 94
		86 91 37
		22 30 63
		934 26 98
		951 55 43
		144 20 71
		133 3 5
		543 88 92
		442 18 49
		703 83 83
		924 47 72
		124 73 91
		887 6 16
		519 23 82
		327 53 84
generacja 5, waga 968, wartosc 1450, ocena 2143:
		631 4 64
		605 42 5
		10 68 84
		832 23 41
		856 31 40
		229 83 39
		568 60 67
		110 42 86
		308 30 4
		423 98 60
		884 14 69
		368 61 84
		361 41 79
		762 30 79
		896 21 69
		214 45 81
		53 14 96
		936 14 27
		692 66 21
		50 53 99
		731 2 97
		881 91 85
		722 35 74
generacja 6, waga 976, wartosc 1742, ocena 2589:
		556 55 69
		129 53 53
		76 8 53
		133 3 5
		631 4 64
		127 5 71
		113 36 70
		492 33 16
		636 13 16
		689 21 90
		534 55 84
		460 68 89
		53 14 96
		936 14 27
		692 66 21
		50 53 99
		521 38 88
		567 85 73
		422 8 70
		547 30 76
		937 1 45
		21 3 30
		194 22 74
		740 26 96
		996 53 18
		370 14 74
		353 68 28
		560 44 6
		750 60 29
		731 2 97
		782 21 15
generacja 7, waga 888, wartosc 1734, ocena 2489:
		224 51 92
		97 26 90
		422 8 70
		132 27 60
		857 74 39
		238 51 44
		800 8 89
		490 87 59
		615 16 63
		401 1 100
		146 68 81
		399 18 60
		528 17 94
		260 12 62
		89 88 23
		363 28 34
		232 51 95
		35 28 89
		712 21 73
		986 31 37
		616 40 37
		883 9 64
		785 70 66
		483 7 81
		802 18 30
		188 25 52
		621 8 50
generacja 8, waga 916, wartosc 1677, ocena 2431.5:
		562 43 78
		675 44 64
		642 57 22
		180 11 95
		934 26 98
		109 35 56
		626 3 48
		800 8 89
		902 25 77
		740 26 96
		273 53 91
		962 35 59
		528 17 94
		549 17 91
		370 14 74
		721 31 37
		317 45 56
		346 74 4
		668 71 78
		70 93 64
		667 44 53
		486 2 65
		670 69 97
		101 73 91
generacja 9, waga 984, wartosc 1775, ocena 2646.5:
		0 16 89
		474 29 7
		972 65 54
		248 27 28
		562 43 78
		675 44 64
		267 3 19
		719 88 81
		238 51 44
		774 67 44
		418 3 98
		367 30 32
		295 65 44
		843 50 91
		173 29 72
		330 75 81
		638 7 63
		740 26 96
		633 20 57
		504 34 76
		422 8 70
		934 26 98
		166 24 67
		292 70 85
		725 52 77
		99 10 70
		261 22 90
generacja 10, waga 996, wartosc 1668, ocena 2498:
		940 15 56
		762 30 79
		330 75 81
		422 8 70
		224 51 92
		366 33 50
		496 16 23
		743 59 80
		615 16 63
		385 55 42
		553 4 74
		323 33 90
		852 25 35
		299 12 79
		924 47 72
		16 22 44
		569 23 100
		421 68 32
		216 26 17
		972 65 54
		634 19 48
		165 16 85
		950 91 84
		355 100 96
		481 71 35
		548 16 87
generacja 11, waga 988, wartosc 1762, ocena 2631:
		483 7 81
		880 34 64
		252 97 96
		789 81 81
		703 83 83
		136 9 26
		221 83 71
		445 34 30
		105 17 58
		731 2 97
		112 74 100
		541 6 71
		102 46 21
		766 33 77
		114 51 74
		760 84 80
		420 41 89
		626 3 48
		800 8 89
		902 25 77
		740 26 96
		486 2 65
		670 69 97
		101 73 91
generacja 12, waga 929, wartosc 1817, ocena 2654.5:
		814 33 39
		887 6 16
		267 3 19
		241 71 58
		180 11 95
		19 46 32
		375 9 96
		548 16 87
		380 7 92
		394 5 43
		341 48 56
		817 33 42
		619 8 80
		677 14 76
		234 34 84
		108 63 58
		134 44 59
		459 52 63
		469 95 25
		946 24 8
		746 5 87
		801 18 89
		248 27 28
		335 4 52
		972 65 54
		377 51 43
		855 39 44
		13 60 45
		762 30 79
		731 2 97
		541 6 71
generacja 13, waga 993, wartosc 1938, ocena 2900:
		569 23 100
		409 27 74
		503 52 80
		849 24 83
		418 3 98
		677 14 76
		493 7 59
		663 55 35
		19 46 32
		541 6 71
		400 36 83
		675 44 64
		317 45 56
		393 12 98
		235 73 97
		329 27 66
		714 5 98
		626 3 48
		845 30 37
		499 37 97
		56 22 19
		494 83 65
		76 8 53
		238 51 44
		798 27 61
		440 31 27
		727 47 85
		838 7 21
		581 72 17
		975 76 94
generacja 14, waga 963, wartosc 2021, ocena 2994.5:
		53 14 96
		82 33 55
		8 3 62
		437 53 11
		568 60 67
		397 61 86
		328 87 84
		801 18 89
		174 28 89
		926 15 72
		570 24 40
		609 11 32
		264 43 91
		497 44 57
		110 42 86
		640 21 70
		901 9 59
		117 31 85
		361 41 79
		549 17 91
		87 29 2
		620 23 16
		331 1 63
		241 71 58
		180 11 95
		967 54 81
		599 47 87
		712 21 73
		79 6 46
		72 24 36
		243 21 63
generacja 15, waga 984, wartosc 2224, ocena 3320:
		962 35 59
		670 69 97
		334 34 75
		805 23 87
		784 2 25
		958 20 61
		943 33 58
		528 17 94
		56 22 19
		616 40 37
		548 16 87
		247 23 65
		12 4 45
		311 25 91
		731 2 97
		52 48 60
		677 14 76
		8 3 62
		395 15 100
		986 31 37
		901 9 59
		379 9 67
		773 56 29
		726 69 66
		224 51 92
		896 21 69
		633 20 57
		899 42 75
		763 91 14
		714 5 98
		940 15 56
		345 19 4
		143 55 13
		109 35 56
		626 3 48
		800 8 89
generacja 16, waga 996, wartosc 2055, ocena 3078.5:
		0 16 89
		633 20 57
		816 8 48
		62 60 100
		677 14 76
		849 24 83
		468 8 14
		856 31 40
		261 22 90
		334 34 75
		137 22 8
		22 30 63
		180 11 95
		519 23 82
		128 12 84
		332 59 100
		402 43 72
		656 12 85
		158 88 6
		503 52 80
		932 67 17
		270 79 96
		577 66 87
		500 40 83
		855 39 44
		13 60 45
		762 30 79
		731 2 97
		541 6 71
		801 18 89
generacja 17, waga 929, wartosc 2173, ocena 3188.5:
		704 10 68
		399 18 60
		816 8 48
		974 2 60
		180 11 95
		393 12 98
		138 46 89
		400 36 83
		213 16 13
		526 2 62
		883 9 64
		31 1 76
		304 92 48
		528 17 94
		204 30 75
		930 87 98
		493 7 59
		0 16 89
		712 21 73
		677 14 76
		689 21 90
		534 55 84
		460 68 89
		53 14 96
		91 53 6
		745 26 92
		39 88 51
		890 88 45
		276 41 49
		127 5 71
		926 15 72
generacja 18, waga 965, wartosc 2125, ocena 3152.5:
		472 82 22
		299 12 79
		35 28 89
		467 37 49
		29 23 72
		226 29 87
		462 12 23
		782 21 15
		194 22 74
		528 17 94
		344 4 62
		330 75 81
		540 22 16
		376 52 86
		107 22 68
		790 66 94
		580 25 61
		549 17 91
		382 91 100
		0 16 89
		633 20 57
		816 8 48
		62 60 100
		677 14 76
		849 24 83
		468 8 14
		615 16 63
		974 2 60
		483 7 81
		565 77 54
		682 11 2
		805 23 87
		100 22 48
generacja 19, waga 984, wartosc 2267, ocena 3384.5:
		599 47 87
		180 11 95
		615 16 63
		375 9 96
		152 27 41
		984 32 79
		5 41 89
		800 8 89
		902 25 77
		843 50 91
		197 69 100
		700 84 89
		493 7 59
		332 59 100
		538 4 16
		640 21 70
		862 17 21
		214 45 81
		480 69 19
		548 16 87
		29 23 72
		409 27 74
		807 19 56
		849 24 83
		172 39 64
		69 46 7
		589 17 62
		604 14 52
		707 52 94
		111 38 71
		393 12 98
		165 16 85
generacja 20, waga 959, wartosc 2075, ocena 3071.5:
		524 57 34
		255 97 8
		227 18 96
		455 61 17
		422 8 70
		18 41 79
		528 17 94
		716 16 47
		499 37 97
		305 24 9
		344 4 62
		84 34 66
		727 47 85
		76 8 53
		856 31 40
		746 5 87
		401 1 100
		128 12 84
		81 22 63
		248 27 28
		597 36 52
		379 9 67
		492 33 16
		103 84 16
		504 34 76
		745 26 92
		334 34 75
		433 6 65
		707 52 94
		815 27 61
		896 21 69
		267 3 19
		429 25 57
		731 2 97
generacja 21, waga 880, wartosc 2304, ocena 3336:
		902 25 77
		503 52 80
		621 8 50
		97 26 90
		422 8 70
		974 2 60
		397 61 86
		84 34 66
		375 9 96
		531 19 89
		2 24 94
		580 25 61
		725 52 77
		633 20 57
		21 3 30
		528 17 94
		519 23 82
		128 12 84
		943 33 58
		409 27 74
		800 8 89
		638 7 63
		384 83 76
		615 16 63
		226 29 87
		143 55 13
		49 30 100
		214 45 81
		669 53 98
		755 17 24
		359 33 45
		56 22 19
		637 2 71
generacja 22, waga 983, wartosc 2227, ocena 3323.5:
		770 94 65
		975 76 94
		224 51 92
		53 14 96
		860 72 75
		875 67 93
		376 52 86
		227 18 96
		204 30 75
		226 29 87
		635 17 22
		714 5 98
		571 73 52
		400 36 83
		180 11 95
		615 16 63
		279 11 84
		740 26 96
		49 30 100
		656 12 85
		386 13 64
		830 33 36
		798 27 61
		790 66 94
		504 34 76
		849 24 83
		418 3 98
		562 43 78
generacja 23, waga 838, wartosc 2371, ocena 3394.5:
		731 2 97
		29 23 72
		526 2 62
		686 21 83
		896 21 69
		800 8 89
		35 28 89
		924 47 72
		745 26 92
		171 40 8
		603 22 58
		335 4 52
		782 21 15
		810 4 42
		654 81 66
		53 14 96
		835 24 97
		331 1 63
		400 36 83
		329 27 66
		894 12 1
		324 26 39
		143 55 13
		31 1 76
		226 29 87
		483 7 81
		380 7 92
		394 5 43
		983 28 62
		856 31 40
		714 5 98
		972 65 54
		386 13 64
		204 30 75
		22 30 63
		12 4 45
		976 38 67
generacja 24, waga 893, wartosc 2396, ocena 3487:
		483 7 81
		901 9 59
		358 49 90
		324 26 39
		234 34 84
		385 55 42
		375 9 96
		766 33 77
		781 2 64
		194 22 74
		528 17 94
		344 4 62
		854 49 80
		669 53 98
		133 3 5
		251 55 36
		543 88 92
		867 43 48
		13 60 45
		623 18 81
		638 7 63
		656 12 85
		380 7 92
		974 2 60
		180 11 95
		393 12 98
		138 46 89
		400 36 83
		108 63 58
		378 1 51
		800 8 89
		740 26 96
		97 26 90
generacja 25, waga 948, wartosc 2306, ocena 3407:
		626 3 48
		902 25 77
		375 9 96
		323 33 90
		893 13 92
		638 7 63
		837 12 16
		401 1 100
		284 2 87
		800 8 89
		20 36 57
		682 11 2
		686 21 83
		21 3 30
		393 12 98
		547 30 76
		965 48 42
		280 11 62
		648 47 29
		115 41 52
		327 53 84
		400 36 83
		397 61 86
		801 18 89
		882 18 10
		679 49 83
		606 39 78
		270 79 96
		89 88 23
		299 12 79
		140 61 63
		835 24 97
		113 36 70
		31 1 76
generacja 26, waga 991, wartosc 2479, ocena 3709.5:
		528 17 94
		927 59 97
		800 8 89
		298 41 62
		606 39 78
		307 2 62
		234 34 84
		881 91 85
		144 20 71
		406 51 37
		851 79 27
		4 43 60
		99 10 70
		835 24 97
		859 39 11
		53 14 96
		379 9 67
		804 19 72
		8 3 62
		926 15 72
		381 55 96
		519 23 82
		180 11 95
		911 6 64
		333 2 26
		166 24 67
		867 43 48
		604 14 52
		707 52 94
		548 16 87
		862 17 21
		224 51 92
		483 7 81
		380 7 92
		138 46 89
generacja 27, waga 975, wartosc 2603, ocena 3879.5:
		311 25 91
		117 31 85
		597 36 52
		706 24 52
		218 23 53
		638 7 63
		656 12 85
		380 7 92
		880 34 64
		97 26 90
		986 31 37
		204 30 75
		299 12 79
		816 8 48
		974 2 60
		180 11 95
		393 12 98
		378 1 51
		549 17 91
		883 9 64
		168 81 62
		214 45 81
		690 66 2
		531 19 89
		528 17 94
		359 33 45
		837 12 16
		327 53 84
		800 8 89
		633 20 57
		56 22 19
		146 68 81
		361 41 79
		517 24 90
		267 3 19
		513 27 45
		114 51 74
		144 20 71
		483 7 81
generacja 28, waga 972, wartosc 2488, ocena 3704:
		180 11 95
		92 52 60
		111 38 71
		311 25 91
		117 31 85
		597 36 52
		706 24 52
		218 23 53
		638 7 63
		656 12 85
		380 7 92
		880 34 64
		97 26 90
		986 31 37
		204 30 75
		299 12 79
		816 8 48
		974 2 60
		393 12 98
		378 1 51
		549 17 91
		883 9 64
		168 81 62
		214 45 81
		690 66 2
		531 19 89
		528 17 94
		359 33 45
		56 22 19
		146 68 81
		361 41 79
		517 24 90
		267 3 19
		513 27 45
		114 51 74
		144 20 71
		483 7 81
generacja 29, waga 962, wartosc 2844, ocena 4228:
		284 2 87
		926 15 72
		902 25 77
		5 41 89
		166 24 67
		333 2 26
		482 50 52
		934 26 98
		380 7 92
		147 76 86
		911 6 64
		702 79 8
		798 27 61
		483 7 81
		206 1 39
		29 23 72
		767 29 66
		659 6 96
		329 27 66
		894 12 1
		31 1 76
		937 1 45
		716 16 47
		68 40 85
		400 36 83
		883 9 64
		542 6 30
		599 47 87
		513 27 45
		500 40 83
		26 78 83
		687 11 71
		715 7 80
		686 21 83
		97 26 90
		422 8 70
		974 2 60
		53 14 96
		640 21 70
		117 31 85
		801 18 89
		635 17 22
generacja 30, waga 999, wartosc 2585, ocena 3876.5:
		204 30 75
		331 1 63
		762 30 79
		53 14 96
		493 7 59
		467 37 49
		401 1 100
		549 17 91
		675 44 64
		223 1 17
		651 25 25
		393 12 98
		526 2 62
		679 49 83
		80 31 46
		599 47 87
		862 17 21
		536 87 41
		461 95 59
		394 5 43
		311 25 91
		433 6 65
		553 4 74
		483 7 81
		712 21 73
		815 27 61
		831 2 6
		528 17 94
		380 7 92
		619 8 80
		507 50 96
		56 22 19
		944 33 25
		363 28 34
		112 74 100
		327 53 84
		31 1 76
		279 11 84
		224 51 92
generacja 31, waga 931, wartosc 2626, ocena 3870:
		378 1 51
		0 16 89
		147 76 86
		323 33 90
		837 12 16
		166 24 67
		926 15 72
		835 24 97
		547 30 76
		373 45 68
		582 5 5
		284 2 87
		442 18 49
		604 14 52
		52 48 60
		677 14 76
		906 5 86
		807 19 56
		714 5 98
		358 49 90
		504 34 76
		562 43 78
		376 52 86
		171 40 8
		784 2 25
		175 64 56
		400 36 83
		589 17 62
		912 36 70
		204 30 75
		800 8 89
		380 7 92
		226 29 87
		462 12 23
		324 26 39
		686 21 83
		31 1 76
		974 2 60
		548 16 87
generacja 32, waga 995, wartosc 2657, ocena 3980.5:
		591 97 88
		79 6 46
		548 16 87
		21 3 30
		331 1 63
		334 34 75
		849 24 83
		424 21 65
		659 6 96
		943 33 58
		958 20 61
		76 8 53
		284 2 87
		377 51 43
		716 16 47
		836 5 14
		740 26 96
		790 66 94
		937 1 45
		731 2 97
		800 8 89
		513 27 45
		399 18 60
		816 8 48
		188 25 52
		633 20 57
		926 15 72
		562 43 78
		368 61 84
		250 19 56
		493 7 59
		543 88 92
		905 34 46
		194 22 74
		637 2 71
		156 52 49
		172 39 64
		934 26 98
		721 31 37
		393 12 98
generacja 33, waga 998, wartosc 3107, ocena 4658.5:
		493 7 59
		547 30 76
		250 19 56
		401 1 100
		53 14 96
		640 21 70
		117 31 85
		935 55 44
		807 19 56
		548 16 87
		499 37 97
		615 16 63
		114 51 74
		677 14 76
		395 15 100
		968 11 94
		621 8 50
		740 26 96
		336 75 96
		110 42 86
		531 19 89
		311 25 91
		218 23 53
		638 7 63
		656 12 85
		380 7 92
		226 29 87
		462 12 23
		324 26 39
		686 21 83
		31 1 76
		483 7 81
		172 39 64
		883 9 64
		926 15 72
		494 83 65
		49 30 100
		816 8 48
		967 54 81
		248 27 28
		335 4 52
		782 21 15
		180 11 95
generacja 34, waga 996, wartosc 3090, ocena 4631:
		401 1 100
		934 26 98
		801 18 89
		117 31 85
		974 2 60
		84 34 66
		375 9 96
		334 34 75
		31 1 76
		335 4 52
		361 41 79
		517 24 90
		400 36 83
		317 45 56
		226 29 87
		378 1 51
		280 11 62
		648 47 29
		299 12 79
		100 22 48
		854 49 80
		217 94 60
		236 78 91
		790 66 94
		771 3 11
		165 16 85
		528 17 94
		623 18 81
		393 12 98
		633 20 57
		911 6 64
		399 18 60
		745 26 92
		380 7 92
		547 30 76
		250 19 56
		260 12 62
		53 14 96
		635 17 22
		714 5 98
		323 33 90
		422 8 70
generacja 35, waga 987, wartosc 3178, ocena 4754:
		281 11 49
		623 18 81
		132 27 60
		380 7 92
		503 52 80
		621 8 50
		974 2 60
		329 27 66
		280 11 62
		805 23 87
		731 2 97
		682 11 2
		686 21 83
		633 20 57
		862 17 21
		334 34 75
		379 9 67
		675 44 64
		699 25 16
		31 1 76
		311 25 91
		97 26 90
		189 22 98
		967 54 81
		528 17 94
		542 6 30
		393 12 98
		896 21 69
		804 19 72
		569 23 100
		72 24 36
		779 90 95
		309 5 15
		359 33 45
		375 9 96
		235 73 97
		631 4 64
		638 7 63
		790 66 94
		906 5 86
		880 34 64
		401 1 100
		835 24 97
		911 6 64
		968 11 94
generacja 36, waga 985, wartosc 3068, ocena 4587:
		409 27 74
		606 39 78
		204 30 75
		958 20 61
		633 20 57
		968 11 94
		669 53 98
		23 8 38
		8 3 62
		284 2 87
		835 24 97
		781 2 64
		240 58 25
		776 25 57
		526 2 62
		0 16 89
		934 26 98
		499 37 97
		373 45 68
		745 26 92
		180 11 95
		531 19 89
		877 24 33
		638 7 63
		178 25 40
		331 1 63
		974 2 60
		50 53 99
		837 12 16
		401 1 100
		597 36 52
		883 9 64
		559 91 95
		208 8 57
		165 16 85
		729 42 18
		21 3 30
		784 2 25
		731 2 97
		984 32 79
		805 23 87
		47 12 25
		16 22 44
		342 43 79
		395 15 100
generacja 37, waga 999, wartosc 3042, ocena 4562:
		267 3 19
		500 40 83
		946 24 8
		180 11 95
		456 32 21
		653 11 60
		779 90 95
		204 30 75
		299 12 79
		781 2 64
		240 58 25
		776 25 57
		526 2 62
		0 16 89
		934 26 98
		499 37 97
		373 45 68
		745 26 92
		531 19 89
		877 24 33
		638 7 63
		178 25 40
		331 1 63
		974 2 60
		736 19 6
		416 26 48
		53 14 96
		418 3 98
		767 29 66
		742 79 79
		341 48 56
		401 1 100
		23 8 38
		901 9 59
		615 16 63
		90 23 47
		941 32 72
		342 43 79
		152 27 41
		433 6 65
		31 1 76
		731 2 97
		344 4 62
		375 9 96
		284 2 87
		547 30 76
generacja 38, waga 941, wartosc 3323, ocena 4925.5:
		114 51 74
		144 20 71
		483 7 81
		235 73 97
		379 9 67
		74 27 47
		849 24 83
		243 21 63
		835 24 97
		281 11 49
		623 18 81
		132 27 60
		380 7 92
		503 52 80
		621 8 50
		974 2 60
		329 27 66
		280 11 62
		805 23 87
		731 2 97
		682 11 2
		686 21 83
		633 20 57
		862 17 21
		334 34 75
		675 44 64
		699 25 16
		31 1 76
		311 25 91
		97 26 90
		189 22 98
		528 17 94
		542 6 30
		393 12 98
		896 21 69
		804 19 72
		569 23 100
		72 24 36
		284 2 87
		208 8 57
		299 12 79
		333 2 26
		538 4 16
		801 18 89
		204 30 75
		659 6 96
		818 40 2
		344 4 62
		418 3 98
generacja 39, waga 978, wartosc 3097, ocena 4623.5:
		166 24 67
		531 19 89
		901 9 59
		669 53 98
		100 22 48
		483 7 81
		745 26 92
		8 3 62
		965 48 42
		493 7 59
		375 9 96
		731 2 97
		331 1 63
		79 6 46
		928 11 40
		194 22 74
		914 25 54
		393 12 98
		132 27 60
		284 2 87
		344 4 62
		169 15 43
		934 26 98
		633 20 57
		849 24 83
		942 59 36
		597 36 52
		896 21 69
		621 8 50
		801 18 89
		500 40 83
		659 6 96
		24 35 96
		416 26 48
		422 8 70
		902 25 77
		800 8 89
		402 43 72
		133 3 5
		589 17 62
		499 37 97
		815 27 61
		348 67 44
		976 38 67
		984 32 79
generacja 40, waga 992, wartosc 3261, ocena 4883.5:
		805 23 87
		416 26 48
		53 14 96
		974 2 60
		180 11 95
		8 3 62
		361 41 79
		344 4 62
		635 17 22
		714 5 98
		299 12 79
		745 26 92
		860 72 75
		746 5 87
		248 27 28
		648 47 29
		378 1 51
		451 12 64
		548 16 87
		633 20 57
		418 3 98
		189 22 98
		399 18 60
		943 33 58
		409 27 74
		637 2 71
		52 48 60
		677 14 76
		906 5 86
		807 19 56
		105 17 58
		877 24 33
		816 8 48
		279 11 84
		800 8 89
		167 33 87
		589 17 62
		586 43 41
		521 38 88
		435 51 8
		517 24 90
		626 3 48
		342 43 79
		152 27 41
		90 23 47
		75 38 95
		284 2 87
		483 7 81
generacja 41, waga 974, wartosc 3349, ocena 4997.5:
		172 39 64
		130 17 11
		893 13 92
		606 39 78
		745 26 92
		625 16 56
		623 18 81
		361 41 79
		393 12 98
		800 8 89
		317 45 56
		899 42 75
		29 23 72
		408 32 16
		76 8 53
		493 7 59
		250 19 56
		401 1 100
		48 54 100
		630 10 34
		958 20 61
		331 1 63
		180 11 95
		549 17 91
		531 19 89
		359 33 45
		974 2 60
		816 8 48
		638 7 63
		31 1 76
		0 16 89
		323 33 90
		21 3 30
		784 2 25
		626 3 48
		659 6 96
		295 65 44
		483 7 81
		108 63 58
		227 18 96
		807 19 56
		887 6 16
		500 40 83
		189 22 98
		204 30 75
		165 16 85
		656 12 85
		589 17 62
		715 7 80
generacja 42, waga 977, wartosc 3307, ocena 4937.5:
		166 24 67
		161 5 50
		640 21 70
		906 5 86
		399 18 60
		776 25 57
		843 50 91
		856 31 40
		854 49 80
		106 32 20
		344 4 62
		835 24 97
		31 1 76
		634 19 48
		20 36 57
		0 16 89
		615 16 63
		90 23 47
		621 8 50
		333 2 26
		912 36 70
		633 20 57
		380 7 92
		541 6 71
		284 2 87
		580 25 61
		816 8 48
		740 26 96
		790 66 94
		331 1 63
		572 22 6
		172 39 64
		418 3 98
		393 12 98
		433 6 65
		310 22 21
		623 18 81
		548 16 87
		686 21 83
		714 5 98
		637 2 71
		707 52 94
		638 7 63
		132 27 60
		751 3 10
		299 12 79
		204 30 75
		5 41 89
		323 33 90
generacja 43, waga 983, wartosc 3539, ocena 5291.5:
		309 5 15
		359 33 45
		375 9 96
		235 73 97
		631 4 64
		638 7 63
		906 5 86
		331 1 63
		189 22 98
		723 4 91
		147 76 86
		901 9 59
		167 33 87
		394 5 43
		625 16 56
		623 18 81
		422 8 70
		115 41 52
		284 2 87
		968 11 94
		180 11 95
		887 6 16
		393 12 98
		934 26 98
		379 9 67
		849 24 83
		914 25 54
		418 3 98
		974 2 60
		111 38 71
		986 31 37
		835 24 97
		361 41 79
		165 16 85
		299 12 79
		204 30 75
		378 1 51
		260 12 62
		8 3 62
		429 25 57
		110 42 86
		531 19 89
		735 90 78
		715 7 80
		805 23 87
		528 17 94
		22 30 63
		604 14 52
		76 8 53
generacja 44, waga 970, wartosc 3379, ocena 5038.5:
		731 2 97
		896 21 69
		633 20 57
		854 49 80
		406 51 37
		456 32 21
		169 15 43
		943 33 58
		864 16 80
		493 7 59
		309 5 15
		359 33 45
		375 9 96
		115 41 52
		284 2 87
		968 11 94
		180 11 95
		887 6 16
		393 12 98
		934 26 98
		379 9 67
		849 24 83
		914 25 54
		418 3 98
		974 2 60
		111 38 71
		986 31 37
		835 24 97
		361 41 79
		165 16 85
		299 12 79
		204 30 75
		378 1 51
		260 12 62
		8 3 62
		429 25 57
		110 42 86
		531 19 89
		735 90 78
		715 7 80
		805 23 87
		528 17 94
		22 30 63
		604 14 52
		76 8 53
		901 9 59
		331 1 63
		723 4 91
		422 8 70
generacja 45, waga 995, wartosc 3249, ocena 4868.5:
		264 43 91
		971 60 94
		395 15 100
		990 49 89
		18 41 79
		261 22 90
		677 14 76
		805 23 87
		401 1 100
		260 12 62
		879 38 17
		659 6 96
		483 7 81
		615 16 63
		90 23 47
		97 26 90
		589 17 62
		375 9 96
		459 52 63
		686 21 83
		570 24 40
		902 25 77
		378 1 51
		144 20 71
		893 13 92
		8 3 62
		323 33 90
		48 54 100
		556 55 69
		528 17 94
		880 34 64
		380 7 92
		974 2 60
		180 11 95
		31 1 76
		906 5 86
		548 16 87
		833 90 59
		801 18 89
		500 40 83
		714 5 98
		416 26 48
generacja 46, waga 995, wartosc 3472, ocena 5203:
		356 23 27
		745 26 92
		941 32 72
		880 34 64
		127 5 71
		400 36 83
		589 17 62
		912 36 70
		226 29 87
		378 1 51
		31 1 76
		740 26 96
		180 11 95
		375 9 96
		901 9 59
		167 33 87
		393 12 98
		883 9 64
		569 23 100
		725 52 77
		65 69 78
		130 17 11
		893 13 92
		606 39 78
		625 16 56
		53 14 96
		311 25 91
		344 4 62
		731 2 97
		517 24 90
		810 4 42
		722 35 74
		163 22 42
		804 19 72
		989 25 14
		323 33 90
		284 2 87
		968 11 94
		974 2 60
		267 3 19
		843 50 91
		418 3 98
		422 8 70
		766 33 77
		80 31 46
		887 6 16
		271 31 57
		926 15 72
		47 12 25
		626 3 48
generacja 47, waga 926, wartosc 3604, ocena 5332:
		227 18 96
		335 4 52
		782 21 15
		781 2 64
		746 5 87
		553 4 74
		21 3 30
		504 34 76
		144 20 71
		893 13 92
		792 17 16
		731 2 97
		380 7 92
		31 1 76
		344 4 62
		462 12 23
		295 65 44
		105 17 58
		856 31 40
		323 33 90
		395 15 100
		97 26 90
		902 25 77
		48 54 100
		261 22 90
		835 24 97
		798 27 61
		280 11 62
		906 5 86
		807 19 56
		564 54 3
		422 8 70
		433 6 65
		53 14 96
		133 3 5
		418 3 98
		189 22 98
		399 18 60
		943 33 58
		409 27 74
		637 2 71
		52 48 60
		677 14 76
		901 9 59
		299 12 79
		161 5 50
		714 5 98
		989 25 14
		483 7 81
		402 43 72
		974 2 60
		800 8 89
		528 17 94
generacja 48, waga 937, wartosc 3833, ocena 5686.5:
		2 24 94
		767 29 66
		167 33 87
		24 35 96
		686 21 83
		117 31 85
		928 11 40
		310 22 21
		849 24 83
		395 15 100
		31 1 76
		16 22 44
		549 17 91
		166 24 67
		299 12 79
		226 29 87
		380 7 92
		375 9 96
		227 18 96
		180 11 95
		214 45 81
		131 35 41
		901 9 59
		284 2 87
		937 1 45
		631 4 64
		906 5 86
		331 1 63
		189 22 98
		911 6 64
		393 12 98
		188 25 52
		376 52 86
		801 18 89
		630 10 34
		519 23 82
		531 19 89
		56 22 19
		8 3 62
		940 15 56
		553 4 74
		722 35 74
		342 43 79
		483 7 81
		49 30 100
		504 34 76
		800 8 89
		194 22 74
		280 11 62
		731 2 97
		528 17 94
generacja 49, waga 993, wartosc 3698, ocena 5540:
		21 3 30
		204 30 75
		901 9 59
		801 18 89
		336 75 96
		307 2 62
		974 2 60
		606 39 78
		548 16 87
		422 8 70
		243 21 63
		53 14 96
		31 1 76
		311 25 91
		380 7 92
		864 16 80
		625 16 56
		941 32 72
		831 2 6
		378 1 51
		800 8 89
		375 9 96
		731 2 97
		906 5 86
		562 43 78
		880 34 64
		634 19 48
		386 13 64
		97 26 90
		528 17 94
		180 11 95
		744 11 42
		615 16 63
		174 28 89
		399 18 60
		500 40 83
		986 31 37
		226 29 87
		16 22 44
		334 34 75
		968 11 94
		633 20 57
		284 2 87
		523 7 9
		875 67 93
		849 24 83
		425 53 32
		911 6 64
		553 4 74
		483 7 81
		623 18 81
		712 21 73
generacja 50, waga 1000, wartosc 3936, ocena 5904:
		659 6 96
		706 24 52
		208 8 57
		609 11 32
		8 3 62
		767 29 66
		519 23 82
		194 22 74
		483 7 81
		906 5 86
		49 30 100
		2 24 94
		167 33 87
		24 35 96
		686 21 83
		117 31 85
		928 11 40
		310 22 21
		849 24 83
		395 15 100
		31 1 76
		16 22 44
		549 17 91
		166 24 67
		299 12 79
		226 29 87
		380 7 92
		375 9 96
		227 18 96
		180 11 95
		731 2 97
		798 27 61
		633 20 57
		669 53 98
		307 2 62
		53 14 96
		311 25 91
		393 12 98
		974 2 60
		284 2 87
		807 19 56
		597 36 52
		214 45 81
		165 16 85
		623 18 81
		745 26 92
		534 55 84
		178 25 40
		877 24 33
		781 2 64
		801 18 89
		29 23 72
generacja 51, waga 991, wartosc 3950, ocena 5916:
		180 11 95
		12 4 45
		499 37 97
		633 20 57
		0 16 89
		805 23 87
		23 8 38
		204 30 75
		393 12 98
		97 26 90
		974 2 60
		2 24 94
		127 5 71
		386 13 64
		285 65 82
		835 24 97
		531 19 89
		284 2 87
		541 6 71
		401 1 100
		766 33 77
		80 31 46
		926 15 72
		47 12 25
		626 3 48
		79 6 46
		31 1 76
		621 8 50
		267 3 19
		513 27 45
		334 34 75
		528 17 94
		940 15 56
		378 1 51
		569 23 100
		937 1 45
		896 21 69
		50 53 99
		638 7 63
		331 1 63
		659 6 96
		767 29 66
		623 18 81
		379 9 67
		699 25 16
		745 26 92
		128 12 84
		781 2 64
		240 58 25
		776 25 57
		746 5 87
		726 69 66
		418 3 98
		323 33 90
		731 2 97
		901 9 59
generacja 52, waga 954, wartosc 3867, ocena 5754.5:
		418 3 98
		549 17 91
		483 7 81
		53 14 96
		380 7 92
		615 16 63
		48 54 100
		906 5 86
		807 19 56
		731 2 97
		284 2 87
		547 30 76
		299 12 79
		659 6 96
		609 11 32
		8 3 62
		767 29 66
		323 33 90
		165 16 85
		375 9 96
		901 9 59
		127 5 71
		974 2 60
		686 21 83
		805 23 87
		400 36 83
		359 33 45
		597 36 52
		379 9 67
		849 24 83
		984 32 79
		16 22 44
		493 7 59
		804 19 72
		589 17 62
		967 54 81
		773 56 29
		542 6 30
		677 14 76
		180 11 95
		393 12 98
		273 53 91
		395 15 100
		528 17 94
		633 20 57
		745 26 92
		442 18 49
		327 53 84
		715 7 80
		31 1 76
		401 1 100
generacja 53, waga 987, wartosc 3853, ocena 5766.5:
		835 24 97
		767 29 66
		113 36 70
		174 28 89
		442 18 49
		569 23 100
		729 42 18
		968 11 94
		331 1 63
		805 23 87
		784 2 25
		397 61 86
		62 60 100
		633 20 57
		418 3 98
		549 17 91
		483 7 81
		53 14 96
		380 7 92
		615 16 63
		48 54 100
		906 5 86
		807 19 56
		731 2 97
		284 2 87
		547 30 76
		299 12 79
		659 6 96
		609 11 32
		8 3 62
		323 33 90
		165 16 85
		375 9 96
		901 9 59
		127 5 71
		974 2 60
		686 21 83
		400 36 83
		359 33 45
		597 36 52
		379 9 67
		849 24 83
		984 32 79
		16 22 44
		493 7 59
		804 19 72
		745 26 92
		327 53 84
		715 7 80
		31 1 76
		401 1 100
generacja 54, waga 960, wartosc 3903, ocena 5814.5:
		687 11 71
		856 31 40
		78 37 28
		901 9 59
		549 17 91
		722 35 74
		589 17 62
		528 17 94
		526 2 62
		393 12 98
		0 16 89
		97 26 90
		538 4 16
		142 42 79
		582 5 5
		23 8 38
		49 30 100
		395 15 100
		8 3 62
		615 16 63
		418 3 98
		801 18 89
		336 75 96
		307 2 62
		189 22 98
		835 24 97
		284 2 87
		541 6 71
		401 1 100
		766 33 77
		80 31 46
		926 15 72
		47 12 25
		626 3 48
		79 6 46
		621 8 50
		267 3 19
		513 27 45
		334 34 75
		940 15 56
		784 2 25
		323 33 90
		493 7 59
		65 69 78
		250 19 56
		974 2 60
		422 8 70
		433 6 65
		144 20 71
		880 34 64
		638 7 63
		53 14 96
		968 11 94
		686 21 83
		31 1 76
		906 5 86
		800 8 89
generacja 55, waga 997, wartosc 3965, ocena 5944.5:
		714 5 98
		746 5 87
		395 15 100
		208 8 57
		906 5 86
		901 9 59
		234 34 84
		299 12 79
		359 33 45
		115 41 52
		968 11 94
		204 30 75
		816 8 48
		53 14 96
		974 2 60
		31 1 76
		401 1 100
		722 35 74
		706 24 52
		0 16 89
		659 6 96
		48 54 100
		280 11 62
		2 24 94
		284 2 87
		327 53 84
		386 13 64
		433 6 65
		599 47 87
		883 9 64
		790 66 94
		731 2 97
		393 12 98
		805 23 87
		500 40 83
		801 18 89
		676 2 15
		323 33 90
		416 26 48
		483 7 81
		528 17 94
		908 26 16
		976 38 67
		378 1 51
		97 26 90
		310 22 21
		344 4 62
		902 25 77
		271 31 57
		800 8 89
		633 20 57
		380 7 92
		375 9 96
generacja 56, waga 985, wartosc 4097, ocena 6130.5:
		284 2 87
		541 6 71
		401 1 100
		640 21 70
		527 45 73
		379 9 67
		8 3 62
		621 8 50
		394 5 43
		105 17 58
		801 18 89
		386 13 64
		76 8 53
		943 33 58
		936 14 27
		714 5 98
		899 42 75
		307 2 62
		712 21 73
		65 69 78
		493 7 59
		731 2 97
		659 6 96
		29 23 72
		805 23 87
		941 32 72
		831 2 6
		864 16 80
		0 16 89
		542 6 30
		380 7 92
		965 48 42
		706 24 52
		128 12 84
		906 5 86
		160 27 87
		399 18 60
		226 29 87
		334 34 75
		344 4 62
		3 28 97
		974 2 60
		884 14 69
		548 16 87
		31 1 76
		767 29 66
		132 27 60
		937 1 45
		656 12 85
		677 14 76
		707 52 94
		877 24 33
		370 14 74
		997 10 28
		393 12 98
		816 8 48
		715 7 80
		483 7 81
		166 24 67
generacja 57, waga 967, wartosc 4165, ocena 6214.5:
		735 90 78
		189 22 98
		323 33 90
		378 1 51
		631 4 64
		906 5 86
		429 25 57
		90 23 47
		936 14 27
		299 12 79
		549 17 91
		53 14 96
		519 23 82
		393 12 98
		752 34 92
		548 16 87
		284 2 87
		541 6 71
		401 1 100
		527 45 73
		379 9 67
		8 3 62
		621 8 50
		394 5 43
		105 17 58
		801 18 89
		386 13 64
		76 8 53
		943 33 58
		714 5 98
		899 42 75
		307 2 62
		712 21 73
		65 69 78
		493 7 59
		731 2 97
		226 29 87
		115 41 52
		633 20 57
		280 11 62
		483 7 81
		968 11 94
		31 1 76
		937 1 45
		517 24 90
		418 3 98
		807 19 56
		659 6 96
		208 8 57
		609 11 32
		470 46 79
		375 9 96
		395 15 100
		204 30 75
		344 4 62
		974 2 60
		422 8 70
generacja 58, waga 956, wartosc 4245, ocena 6323.5:
		180 11 95
		943 33 58
		395 15 100
		968 11 94
		375 9 96
		883 9 64
		997 10 28
		401 1 100
		422 8 70
		418 3 98
		621 8 50
		29 23 72
		250 19 56
		378 1 51
		204 30 75
		745 26 92
		896 21 69
		206 1 39
		589 17 62
		974 2 60
		659 6 96
		656 12 85
		762 30 79
		429 25 57
		526 2 62
		341 48 56
		902 25 77
		633 20 57
		528 17 94
		940 15 56
		569 23 100
		499 37 97
		906 5 86
		615 16 63
		805 23 87
		914 25 54
		393 12 98
		755 17 24
		99 10 70
		623 18 81
		299 12 79
		626 3 48
		519 23 82
		731 2 97
		993 31 34
		208 8 57
		926 15 72
		631 4 64
		331 1 63
		189 22 98
		630 10 34
		442 18 49
		342 43 79
		261 22 90
		835 24 97
		723 4 91
		912 36 70
		739 10 4
		163 22 42
		284 2 87
generacja 59, waga 982, wartosc 4273, ocena 6391.5:
		669 53 98
		180 11 95
		422 8 70
		483 7 81
		21 3 30
		424 21 65
		451 12 64
		568 60 67
		968 11 94
		0 16 89
		418 3 98
		53 14 96
		782 21 15
		974 2 60
		401 1 100
		549 17 91
		686 21 83
		204 30 75
		284 2 87
		906 5 86
		331 1 63
		715 7 80
		317 45 56
		899 42 75
		723 4 91
		731 2 97
		299 12 79
		226 29 87
		380 7 92
		375 9 96
		807 19 56
		100 22 48
		943 33 58
		958 20 61
		766 33 77
		745 26 92
		23 8 38
		206 1 39
		984 32 79
		638 7 63
		234 34 84
		623 18 81
		528 17 94
		901 9 59
		166 24 67
		781 2 64
		224 51 92
		604 14 52
		752 34 92
		97 26 90
		633 20 57
		800 8 89
		659 6 96
		105 17 58
		378 1 51
		893 13 92
		279 11 84
generacja 60, waga 960, wartosc 4378, ocena 6527:
		2 24 94
		127 5 71
		189 22 98
		911 6 64
		401 1 100
		984 32 79
		433 6 65
		180 11 95
		386 13 64
		395 15 100
		968 11 94
		500 40 83
		418 3 98
		323 33 90
		906 5 86
		531 19 89
		937 1 45
		284 2 87
		97 26 90
		805 23 87
		745 26 92
		8 3 62
		393 12 98
		503 52 80
		375 9 96
		174 28 89
		227 18 96
		31 1 76
		280 11 62
		767 29 66
		493 7 59
		606 39 78
		208 8 57
		50 53 99
		0 16 89
		901 9 59
		483 7 81
		659 6 96
		884 14 69
		11 67 88
		736 19 6
		648 47 29
		416 26 48
		714 5 98
		816 8 48
		626 3 48
		623 18 81
		542 6 30
		311 25 91
		29 23 72
		451 12 64
		548 16 87
		331 1 63
		686 21 83
		422 8 70
		380 7 92
		731 2 97
generacja 61, waga 995, wartosc 4301, ocena 6446.5:
		656 12 85
		281 11 49
		968 11 94
		331 1 63
		686 21 83
		442 18 49
		659 6 96
		284 2 87
		299 12 79
		835 24 97
		165 16 85
		805 23 87
		731 2 97
		53 14 96
		500 40 83
		166 24 67
		901 9 59
		105 17 58
		380 7 92
		800 8 89
		864 16 80
		0 16 89
		295 65 44
		483 7 81
		418 3 98
		204 30 75
		267 3 19
		638 7 63
		180 11 95
		974 2 60
		97 26 90
		517 24 90
		810 4 42
		400 36 83
		3 28 97
		733 5 39
		333 2 26
		361 41 79
		675 44 64
		395 15 100
		250 19 56
		422 8 70
		433 6 65
		152 27 41
		260 12 62
		132 27 60
		503 52 80
		615 16 63
		378 1 51
		580 25 61
		451 12 64
		31 1 76
		375 9 96
		528 17 94
		549 17 91
		634 19 48
		984 32 79
		226 29 87
		626 3 48
generacja 62, waga 942, wartosc 4442, ocena 6605:
		902 25 77
		528 17 94
		31 1 76
		8 3 62
		208 8 57
		927 59 97
		755 17 24
		633 20 57
		299 12 79
		499 37 97
		442 18 49
		781 2 64
		313 4 5
		133 3 5
		740 26 96
		542 6 30
		401 1 100
		380 7 92
		745 26 92
		816 8 48
		234 34 84
		331 1 63
		483 7 81
		659 6 96
		227 18 96
		2 24 94
		127 5 71
		189 22 98
		911 6 64
		984 32 79
		433 6 65
		180 11 95
		386 13 64
		395 15 100
		968 11 94
		500 40 83
		418 3 98
		323 33 90
		906 5 86
		531 19 89
		937 1 45
		284 2 87
		97 26 90
		805 23 87
		393 12 98
		503 52 80
		375 9 96
		648 47 29
		416 26 48
		714 5 98
		626 3 48
		623 18 81
		311 25 91
		29 23 72
		451 12 64
		548 16 87
		686 21 83
		422 8 70
		731 2 97
generacja 63, waga 992, wartosc 4564, ocena 6838:
		762 30 79
		538 4 16
		723 4 91
		637 2 71
		49 30 100
		638 7 63
		631 4 64
		284 2 87
		989 25 14
		816 8 48
		677 14 76
		946 24 8
		714 5 98
		483 7 81
		805 23 87
		31 1 76
		906 5 86
		686 21 83
		562 43 78
		902 25 77
		29 23 72
		331 1 63
		375 9 96
		815 27 61
		752 34 92
		401 1 100
		0 16 89
		854 49 80
		732 43 51
		299 12 79
		835 24 97
		901 9 59
		279 11 84
		800 8 89
		968 11 94
		974 2 60
		418 3 98
		958 20 61
		409 27 74
		526 2 62
		341 48 56
		97 26 90
		517 24 90
		810 4 42
		993 31 34
		260 12 62
		165 16 85
		380 7 92
		801 18 89
		897 3 56
		379 9 67
		633 20 57
		731 2 97
		204 30 75
		393 12 98
		740 26 96
		589 17 62
		745 26 92
		528 17 94
		549 17 91
		180 11 95
generacja 64, waga 979, wartosc 4673, ocena 6988.5:
		637 2 71
		418 3 98
		800 8 89
		194 22 74
		638 7 63
		901 9 59
		687 11 71
		280 11 62
		2 24 94
		762 30 79
		429 25 57
		8 3 62
		745 26 92
		621 8 50
		549 17 91
		180 11 95
		706 24 52
		323 33 90
		781 2 64
		483 7 81
		746 5 87
		513 27 45
		144 20 71
		810 4 42
		619 8 80
		616 40 37
		227 18 96
		548 16 87
		897 3 56
		937 1 45
		722 35 74
		731 2 97
		686 21 83
		528 17 94
		744 11 42
		569 23 100
		76 8 53
		31 1 76
		589 17 62
		48 54 100
		807 19 56
		375 9 96
		344 4 62
		53 14 96
		165 16 85
		526 2 62
		849 24 83
		68 40 85
		284 2 87
		940 15 56
		380 7 92
		907 19 89
		331 1 63
		395 15 100
		181 56 90
		531 19 89
		974 2 60
		623 18 81
		299 12 79
		341 48 56
		21 3 30
		208 8 57
		393 12 98
generacja 65, waga 946, wartosc 4733, ocena 7045.5:
		686 21 83
		267 3 19
		375 9 96
		53 14 96
		974 2 60
		311 25 91
		16 22 44
		804 19 72
		422 8 70
		424 21 65
		731 2 97
		816 8 48
		393 12 98
		805 23 87
		589 17 62
		323 33 90
		31 1 76
		128 12 84
		815 27 61
		97 26 90
		943 33 58
		132 27 60
		8 3 62
		418 3 98
		379 9 67
		849 24 83
		706 24 52
		637 2 71
		335 4 52
		781 2 64
		317 45 56
		940 15 56
		714 5 98
		740 26 96
		906 5 86
		896 21 69
		784 2 25
		399 18 60
		433 6 65
		519 23 82
		165 16 85
		528 17 94
		395 15 100
		887 6 16
		307 2 62
		722 35 74
		968 11 94
		626 3 48
		483 7 81
		638 7 63
		194 22 74
		621 8 50
		659 6 96
		380 7 92
		49 30 100
		936 14 27
		344 4 62
		416 26 48
		189 22 98
		180 11 95
		831 2 6
		378 1 51
		226 29 87
		549 17 91
		21 3 30
		284 2 87
		712 21 73
generacja 66, waga 941, wartosc 4723, ocena 7025.5:
		974 2 60
		399 18 60
		433 6 65
		395 15 100
		284 2 87
		686 21 83
		549 17 91
		260 12 62
		562 43 78
		401 1 100
		483 7 81
		21 3 30
		180 11 95
		968 11 94
		589 17 62
		323 33 90
		31 1 76
		128 12 84
		375 9 96
		373 45 68
		29 23 72
		715 7 80
		204 30 75
		264 43 91
		99 10 70
		174 28 89
		835 24 97
		165 16 85
		634 19 48
		0 16 89
		633 20 57
		97 26 90
		659 6 96
		418 3 98
		53 14 96
		856 31 40
		883 9 64
		166 24 67
		194 22 74
		451 12 64
		422 8 70
		378 1 51
		800 8 89
		815 27 61
		105 17 58
		189 22 98
		519 23 82
		804 19 72
		380 7 92
		393 12 98
		906 5 86
		615 16 63
		745 26 92
		208 8 57
		329 27 66
		714 5 98
		746 5 87
		379 9 67
		731 2 97
		712 21 73
		344 4 62
generacja 67, waga 929, wartosc 4568, ocena 6781:
		835 24 97
		687 11 71
		906 5 86
		715 7 80
		802 18 30
		21 3 30
		331 1 63
		393 12 98
		422 8 70
		731 2 97
		483 7 81
		299 12 79
		29 23 72
		934 26 98
		31 1 76
		189 22 98
		526 2 62
		180 11 95
		99 10 70
		914 25 54
		284 2 87
		380 7 92
		902 25 77
		633 20 57
		968 11 94
		23 8 38
		433 6 65
		805 23 87
		528 17 94
		370 14 74
		997 10 28
		128 12 84
		626 3 48
		260 12 62
		127 5 71
		117 31 85
		53 14 96
		589 17 62
		375 9 96
		597 36 52
		379 9 67
		816 8 48
		18 41 79
		531 19 89
		943 33 58
		940 15 56
		884 14 69
		810 4 42
		798 27 61
		864 16 80
		781 2 64
		332 59 100
		395 15 100
		569 23 100
		280 11 62
		856 31 40
		800 8 89
		807 19 56
		333 2 26
		399 18 60
		745 26 92
		677 14 76
		418 3 98
generacja 68, waga 964, wartosc 4643, ocena 6928.5:
		911 6 64
		606 39 78
		29 23 72
		940 15 56
		800 8 89
		798 27 61
		901 9 59
		483 7 81
		736 19 6
		934 26 98
		877 24 33
		194 22 74
		424 21 65
		499 37 97
		937 1 45
		807 19 56
		334 34 75
		117 31 85
		548 16 87
		541 6 71
		638 7 63
		549 17 91
		31 1 76
		204 30 75
		767 29 66
		731 2 97
		637 2 71
		344 4 62
		745 26 92
		380 7 92
		333 2 26
		974 2 60
		0 16 89
		341 48 56
		896 21 69
		723 4 91
		547 30 76
		715 7 80
		433 6 65
		831 2 6
		835 24 97
		589 17 62
		418 3 98
		493 7 59
		395 15 100
		8 3 62
		623 18 81
		284 2 87
		311 25 91
		519 23 82
		375 9 96
		331 1 63
		323 33 90
		656 12 85
		816 8 48
		378 1 51
		226 29 87
		165 16 85
		659 6 96
		401 1 100
		634 19 48
		677 14 76
		621 8 50
		528 17 94
generacja 69, waga 994, wartosc 4871, ocena 7300.5:
		659 6 96
		53 14 96
		528 17 94
		31 1 76
		896 21 69
		549 17 91
		906 5 86
		380 7 92
		0 16 89
		386 13 64
		677 14 76
		934 26 98
		568 60 67
		127 5 71
		937 1 45
		3 28 97
		117 31 85
		311 25 91
		250 19 56
		745 26 92
		418 3 98
		299 12 79
		189 22 98
		856 31 40
		393 12 98
		553 4 74
		968 11 94
		21 3 30
		974 2 60
		401 1 100
		331 1 63
		180 11 95
		816 8 48
		378 1 51
		781 2 64
		686 21 83
		637 2 71
		99 10 70
		835 24 97
		984 32 79
		128 12 84
		626 3 48
		260 12 62
		97 26 90
		526 2 62
		504 34 76
		731 2 97
		483 7 81
		327 53 84
		284 2 87
		862 17 21
		335 4 52
		849 24 83
		623 18 81
		517 24 90
		807 19 56
		880 34 64
		2 24 94
		569 23 100
		798 27 61
		767 29 66
		208 8 57
		165 16 85
		379 9 67
generacja 70, waga 981, wartosc 5046, ocena 7550:
		722 35 74
		548 16 87
		180 11 95
		279 11 84
		810 4 42
		422 8 70
		166 24 67
		801 18 89
		740 26 96
		974 2 60
		12 4 45
		165 16 85
		31 1 76
		625 16 56
		331 1 63
		677 14 76
		344 4 62
		29 23 72
		531 19 89
		24 35 96
		542 6 30
		637 2 71
		547 30 76
		634 19 48
		640 21 70
		656 12 85
		97 26 90
		766 33 77
		226 29 87
		901 9 59
		260 12 62
		375 9 96
		686 21 83
		800 8 89
		807 19 56
		35 28 89
		393 12 98
		284 2 87
		928 11 40
		526 2 62
		311 25 91
		380 7 92
		968 11 94
		0 16 89
		161 5 50
		299 12 79
		816 8 48
		204 30 75
		621 8 50
		541 6 71
		714 5 98
		8 3 62
		483 7 81
		401 1 100
		323 33 90
		208 8 57
		418 3 98
		152 27 41
		706 24 52
		271 31 57
		731 2 97
		906 5 86
		75 38 95
		712 21 73
		896 21 69
		784 2 25
		549 17 91
		659 6 96
generacja 71, waga 985, wartosc 5177, ocena 7750.5:
		23 8 38
		451 12 64
		386 13 64
		936 14 27
		807 19 56
		375 9 96
		378 1 51
		53 14 96
		675 44 64
		968 11 94
		180 11 95
		659 6 96
		284 2 87
		686 21 83
		656 12 85
		712 21 73
		166 24 67
		333 2 26
		483 7 81
		393 12 98
		395 15 100
		401 1 100
		247 23 65
		974 2 60
		152 27 41
		394 5 43
		541 6 71
		781 2 64
		422 8 70
		714 5 98
		835 24 97
		0 16 89
		493 7 59
		31 1 76
		8 3 62
		633 20 57
		926 15 72
		911 6 64
		418 3 98
		715 7 80
		637 2 71
		165 16 85
		745 26 92
		379 9 67
		416 26 48
		837 12 16
		553 4 74
		569 23 100
		937 1 45
		331 1 63
		528 17 94
		548 16 87
		380 7 92
		984 32 79
		731 2 97
		329 27 66
		623 18 81
		208 8 57
		50 53 99
		299 12 79
		630 10 34
		204 30 75
		706 24 52
		526 2 62
		589 17 62
		997 10 28
		677 14 76
		676 2 15
		800 8 89
		78 37 28
		801 18 89
		902 25 77
		549 17 91
generacja 72, waga 996, wartosc 4914, ocena 7367:
		531 19 89
		714 5 98
		781 2 64
		180 11 95
		547 30 76
		375 9 96
		715 7 80
		393 12 98
		97 26 90
		677 14 76
		416 26 48
		816 8 48
		626 3 48
		656 12 85
		401 1 100
		165 16 85
		380 7 92
		835 24 97
		633 20 57
		117 31 85
		267 3 19
		800 8 89
		623 18 81
		418 3 98
		902 25 77
		323 33 90
		3 28 97
		603 22 58
		968 11 94
		906 5 86
		659 6 96
		204 30 75
		504 34 76
		553 4 74
		52 48 60
		974 2 60
		805 23 87
		0 16 89
		731 2 97
		331 1 63
		31 1 76
		856 31 40
		896 21 69
		21 3 30
		638 7 63
		483 7 81
		911 6 64
		837 12 16
		669 53 98
		687 11 71
		395 15 100
		621 8 50
		188 25 52
		580 25 61
		167 33 87
		99 10 70
		344 4 62
		740 26 96
		635 17 22
		311 25 91
		284 2 87
		433 6 65
		422 8 70
		528 17 94
		379 9 67
		901 9 59
generacja 73, waga 968, wartosc 4990, ocena 7453:
		35 28 89
		47 12 25
		630 10 34
		901 9 59
		884 14 69
		194 22 74
		526 2 62
		755 17 24
		676 2 15
		723 4 91
		781 2 64
		483 7 81
		656 12 85
		393 12 98
		189 22 98
		380 7 92
		677 14 76
		21 3 30
		208 8 57
		468 8 14
		810 4 42
		497 44 57
		49 30 100
		0 16 89
		97 26 90
		553 4 74
		416 26 48
		621 8 50
		816 8 48
		968 11 94
		615 16 63
		8 3 62
		53 14 96
		166 24 67
		400 36 83
		883 9 64
		804 19 72
		117 31 85
		943 33 58
		849 24 83
		243 21 63
		800 8 89
		22 30 63
		323 33 90
		82 33 55
		284 2 87
		333 2 26
		395 15 100
		401 1 100
		247 23 65
		974 2 60
		152 27 41
		394 5 43
		541 6 71
		422 8 70
		714 5 98
		835 24 97
		493 7 59
		31 1 76
		633 20 57
		926 15 72
		911 6 64
		418 3 98
		715 7 80
		637 2 71
		331 1 63
		659 6 96
		260 12 62
		542 6 30
		528 17 94
		731 2 97
		549 17 91
generacja 74, waga 940, wartosc 5032, ocena 7488:
		974 2 60
		379 9 67
		926 15 72
		706 24 52
		911 6 64
		656 12 85
		677 14 76
		395 15 100
		659 6 96
		2 24 94
		483 7 81
		8 3 62
		180 11 95
		731 2 97
		375 9 96
		493 7 59
		715 7 80
		745 26 92
		359 33 45
		547 30 76
		344 4 62
		380 7 92
		393 12 98
		893 13 92
		279 11 84
		401 1 100
		805 23 87
		331 1 63
		0 16 89
		31 1 76
		800 8 89
		284 2 87
		804 19 72
		906 5 86
		418 3 98
		864 16 80
		323 33 90
		370 14 74
		204 30 75
		166 24 67
		165 16 85
		234 34 84
		526 2 62
		341 48 56
		129 53 53
		333 2 26
		247 23 65
		152 27 41
		394 5 43
		541 6 71
		781 2 64
		422 8 70
		714 5 98
		835 24 97
		378 1 51
		637 2 71
		553 4 74
		626 3 48
		722 35 74
		227 18 96
		50 53 99
		433 6 65
		621 8 50
		531 19 89
		528 17 94
		53 14 96
generacja 75, waga 987, wartosc 5134, ocena 7688:
		807 19 56
		31 1 76
		99 10 70
		569 23 100
		637 2 71
		657 67 46
		712 21 73
		547 30 76
		165 16 85
		968 11 94
		542 6 30
		375 9 96
		247 23 65
		906 5 86
		974 2 60
		714 5 98
		781 2 64
		911 6 64
		731 2 97
		715 7 80
		422 8 70
		180 11 95
		997 10 28
		280 11 62
		659 6 96
		519 23 82
		418 3 98
		835 24 97
		401 1 100
		378 1 51
		656 12 85
		816 8 48
		934 26 98
		984 32 79
		395 15 100
		323 33 90
		227 18 96
		189 22 98
		800 8 89
		746 5 87
		831 2 6
		8 3 62
		638 7 63
		299 12 79
		166 24 67
		810 4 42
		528 17 94
		504 34 76
		298 41 62
		500 40 83
		204 30 75
		548 16 87
		902 25 77
		805 23 87
		623 18 81
		626 3 48
		640 21 70
		677 14 76
		442 18 49
		53 14 96
		393 12 98
		553 4 74
		21 3 30
		284 2 87
		745 26 92
		686 21 83
		526 2 62
		380 7 92
generacja 76, waga 933, wartosc 5264, ocena 7829:
		442 18 49
		856 31 40
		569 23 100
		968 11 94
		958 20 61
		483 7 81
		409 27 74
		23 8 38
		659 6 96
		589 17 62
		784 2 25
		53 14 96
		677 14 76
		189 22 98
		626 3 48
		208 8 57
		375 9 96
		547 30 76
		76 8 53
		767 29 66
		623 18 81
		284 2 87
		715 7 80
		433 6 65
		133 3 5
		542 6 30
		549 17 91
		132 27 60
		418 3 98
		800 8 89
		745 26 92
		165 16 85
		816 8 48
		934 26 98
		500 40 83
		8 3 62
		0 16 89
		31 1 76
		21 3 30
		380 7 92
		849 24 83
		393 12 98
		526 2 62
		180 11 95
		714 5 98
		105 17 58
		541 6 71
		2 24 94
		686 21 83
		731 2 97
		311 25 91
		299 12 79
		906 5 86
		395 15 100
		401 1 100
		493 7 59
		279 11 84
		805 23 87
		901 9 59
		548 16 87
		781 2 64
		974 2 60
		723 4 91
		604 14 52
		746 5 87
		634 19 48
		250 19 56
		926 15 72
		553 4 74
		914 25 54
		429 25 57
		378 1 51
generacja 77, waga 983, wartosc 5133, ocena 7682.5:
		767 29 66
		393 12 98
		370 14 74
		906 5 86
		8 3 62
		53 14 96
		805 23 87
		380 7 92
		656 12 85
		422 8 70
		625 16 56
		721 31 37
		519 23 82
		227 18 96
		500 40 83
		399 18 60
		659 6 96
		416 26 48
		2 24 94
		260 12 62
		97 26 90
		331 1 63
		686 21 83
		180 11 95
		165 16 85
		21 3 30
		902 25 77
		528 17 94
		621 8 50
		745 26 92
		800 8 89
		541 6 71
		379 9 67
		344 4 62
		99 10 70
		174 28 89
		418 3 98
		816 8 48
		677 14 76
		375 9 96
		974 2 60
		29 23 72
		884 14 69
		31 1 76
		445 34 30
		731 2 97
		589 17 62
		531 19 89
		470 46 79
		204 30 75
		394 5 43
		280 11 62
		378 1 51
		395 15 100
		401 1 100
		493 7 59
		23 8 38
		715 7 80
		299 12 79
		333 2 26
		911 6 64
		549 17 91
		752 34 92
		284 2 87
		433 6 65
		517 24 90
		968 11 94
		893 13 92
		807 19 56
generacja 78, waga 992, wartosc 5229, ocena 7835.5:
		862 17 21
		335 4 52
		23 8 38
		206 1 39
		626 3 48
		519 23 82
		418 3 98
		208 8 57
		375 9 96
		323 33 90
		958 20 61
		816 8 48
		166 24 67
		311 25 91
		745 26 92
		984 32 79
		127 5 71
		284 2 87
		974 2 60
		589 17 62
		528 17 94
		380 7 92
		180 11 95
		393 12 98
		835 24 97
		115 41 52
		113 36 70
		243 21 63
		619 8 80
		165 16 85
		637 2 71
		531 19 89
		656 12 85
		50 53 99
		281 11 49
		633 20 57
		901 9 59
		623 18 81
		401 1 100
		31 1 76
		21 3 30
		621 8 50
		731 2 97
		53 14 96
		394 5 43
		0 16 89
		161 5 50
		299 12 79
		204 30 75
		541 6 71
		8 3 62
		483 7 81
		344 4 62
		800 8 89
		194 22 74
		513 27 45
		97 26 90
		744 11 42
		659 6 96
		395 15 100
		331 1 63
		260 12 62
		968 11 94
		553 4 74
		29 23 72
		542 6 30
		378 1 51
		100 22 48
		902 25 77
		781 2 64
		880 34 64
		714 5 98
		715 7 80
generacja 79, waga 969, wartosc 5267, ocena 7869.5:
		260 12 62
		637 2 71
		378 1 51
		331 1 63
		29 23 72
		418 3 98
		344 4 62
		204 30 75
		208 8 57
		422 8 70
		714 5 98
		835 24 97
		974 2 60
		380 7 92
		401 1 100
		180 11 95
		370 14 74
		997 10 28
		816 8 48
		442 18 49
		0 16 89
		638 7 63
		784 2 25
		528 17 94
		623 18 81
		781 2 64
		493 7 59
		715 7 80
		399 18 60
		968 11 94
		500 40 83
		862 17 21
		335 4 52
		23 8 38
		206 1 39
		626 3 48
		531 19 89
		311 25 91
		189 22 98
		519 23 82
		12 4 45
		914 25 54
		597 36 52
		746 5 87
		298 41 62
		801 18 89
		805 23 87
		375 9 96
		884 14 69
		97 26 90
		483 7 81
		128 12 84
		386 13 64
		790 66 94
		893 13 92
		433 6 65
		984 32 79
		762 30 79
		538 4 16
		723 4 91
		526 2 62
		31 1 76
		393 12 98
		53 14 96
		659 6 96
		901 9 59
		549 17 91
		395 15 100
		731 2 97
		379 9 67
		284 2 87
		323 33 90
generacja 80, waga 987, wartosc 5359, ocena 8025.5:
		553 4 74
		194 22 74
		686 21 83
		800 8 89
		547 30 76
		281 11 49
		604 14 52
		746 5 87
		298 41 62
		0 16 89
		180 11 95
		378 1 51
		260 12 62
		766 33 77
		333 2 26
		781 2 64
		528 17 94
		53 14 96
		331 1 63
		856 31 40
		542 6 30
		715 7 80
		100 22 48
		896 21 69
		165 16 85
		299 12 79
		906 5 86
		399 18 60
		798 27 61
		912 36 70
		166 24 67
		393 12 98
		21 3 30
		284 2 87
		731 2 97
		589 17 62
		745 26 92
		835 24 97
		968 11 94
		656 12 85
		526 2 62
		714 5 98
		267 3 19
		637 2 71
		771 3 11
		280 11 62
		569 23 100
		549 17 91
		418 3 98
		974 2 60
		8 3 62
		204 30 75
		883 9 64
		483 7 81
		621 8 50
		375 9 96
		740 26 96
		901 9 59
		380 7 92
		659 6 96
		97 26 90
		805 23 87
		493 7 59
		271 31 57
		849 24 83
		433 6 65
		133 3 5
		279 11 84
		517 24 90
		626 3 48
		804 19 72
		615 16 63
		31 1 76
		208 8 57
		401 1 100
generacja 81, waga 984, wartosc 5496, ocena 8228:
		165 16 85
		280 11 62
		375 9 96
		902 25 77
		656 12 85
		284 2 87
		323 33 90
		731 2 97
		800 8 89
		395 15 100
		968 11 94
		180 11 95
		784 2 25
		745 26 92
		528 17 94
		483 7 81
		835 24 97
		633 20 57
		163 22 42
		204 30 75
		740 26 96
		519 23 82
		897 3 56
		677 14 76
		99 10 70
		331 1 63
		569 23 100
		937 1 45
		877 24 33
		974 2 60
		637 2 71
		31 1 76
		206 1 39
		128 12 84
		12 4 45
		133 3 5
		542 6 30
		8 3 62
		940 15 56
		715 7 80
		804 19 72
		267 3 19
		400 36 83
		686 21 83
		260 12 62
		359 33 45
		250 19 56
		762 30 79
		416 26 48
		227 18 96
		907 19 89
		621 8 50
		333 2 26
		386 13 64
		901 9 59
		781 2 64
		911 6 64
		422 8 70
		906 5 86
		893 13 92
		279 11 84
		934 26 98
		805 23 87
		379 9 67
		638 7 63
		393 12 98
		378 1 51
		547 30 76
		623 18 81
		714 5 98
		659 6 96
		53 14 96
		517 24 90
		208 8 57
		401 1 100
		418 3 98
generacja 82, waga 997, wartosc 5403, ocena 8101.5:
		816 8 48
		626 3 48
		483 7 81
		849 24 83
		800 8 89
		418 3 98
		500 40 83
		180 11 95
		165 16 85
		596 40 61
		29 23 72
		633 20 57
		893 13 92
		0 16 89
		393 12 98
		53 14 96
		906 5 86
		21 3 30
		659 6 96
		745 26 92
		378 1 51
		731 2 97
		442 18 49
		623 18 81
		911 6 64
		804 19 72
		638 7 63
		835 24 97
		589 17 62
		714 5 98
		943 33 58
		968 11 94
		553 4 74
		907 19 89
		451 12 64
		331 1 63
		284 2 87
		79 6 46
		8 3 62
		395 15 100
		380 7 92
		974 2 60
		531 19 89
		422 8 70
		901 9 59
		375 9 96
		621 8 50
		31 1 76
		401 1 100
		686 21 83
		208 8 57
		429 25 57
		939 54 50
		517 24 90
		279 11 84
		526 2 62
		226 29 87
		433 6 65
		715 7 80
		166 24 67
		97 26 90
		637 2 71
		528 17 94
		548 16 87
		541 6 71
		640 21 70
		542 6 30
		35 28 89
		493 7 59
		831 2 6
		799 20 38
		75 38 95
		299 12 79
generacja 83, waga 993, wartosc 5440, ocena 8153:
		804 19 72
		284 2 87
		984 32 79
		731 2 97
		21 3 30
		745 26 92
		375 9 96
		8 3 62
		736 19 6
		395 15 100
		166 24 67
		422 8 70
		926 15 72
		893 13 92
		393 12 98
		526 2 62
		331 1 63
		659 6 96
		380 7 92
		800 8 89
		0 16 89
		784 2 25
		686 21 83
		323 33 90
		805 23 87
		260 12 62
		974 2 60
		194 22 74
		267 3 19
		638 7 63
		528 17 94
		401 1 100
		418 3 98
		714 5 98
		24 35 96
		31 1 76
		208 8 57
		623 18 81
		901 9 59
		911 6 64
		97 26 90
		117 31 85
		656 12 85
		180 11 95
		483 7 81
		379 9 67
		378 1 51
		111 38 71
		637 2 71
		722 35 74
		810 4 42
		746 5 87
		906 5 86
		519 23 82
		723 4 91
		547 30 76
		299 12 79
		640 21 70
		589 17 62
		801 18 89
		53 14 96
		128 12 84
		715 7 80
		204 30 75
		226 29 87
		767 29 66
		130 17 11
		549 17 91
		493 7 59
		633 20 57
		311 25 91
		781 2 64
		626 3 48
generacja 84, waga 951, wartosc 5354, ocena 7982:
		8 3 62
		311 25 91
		714 5 98
		784 2 25
		712 21 73
		204 30 75
		401 1 100
		800 8 89
		379 9 67
		281 11 49
		604 14 52
		746 5 87
		298 41 62
		180 11 95
		378 1 51
		260 12 62
		766 33 77
		333 2 26
		781 2 64
		528 17 94
		53 14 96
		745 26 92
		835 24 97
		656 12 85
		526 2 62
		267 3 19
		637 2 71
		771 3 11
		280 11 62
		569 23 100
		549 17 91
		418 3 98
		974 2 60
		883 9 64
		621 8 50
		740 26 96
		901 9 59
		380 7 92
		659 6 96
		97 26 90
		631 4 64
		284 2 87
		29 23 72
		35 28 89
		553 4 74
		715 7 80
		299 12 79
		111 38 71
		393 12 98
		902 25 77
		261 22 90
		723 4 91
		227 18 96
		400 36 83
		68 40 85
		914 25 54
		849 24 83
		395 15 100
		731 2 97
		626 3 48
		31 1 76
		997 10 28
		893 13 92
		968 11 94
		906 5 86
		531 19 89
		375 9 96
		623 18 81
		21 3 30
		0 16 89
		165 16 85
generacja 85, waga 988, wartosc 5311, ocena 7954.5:
		127 5 71
		166 24 67
		800 8 89
		451 12 64
		194 22 74
		638 7 63
		2 24 94
		626 3 48
		989 25 14
		309 5 15
		331 1 63
		21 3 30
		715 7 80
		333 2 26
		542 6 30
		807 19 56
		731 2 97
		519 23 82
		659 6 96
		531 19 89
		926 15 72
		483 7 81
		901 9 59
		8 3 62
		0 16 89
		22 30 63
		82 33 55
		837 12 16
		907 19 89
		526 2 62
		401 1 100
		968 11 94
		633 20 57
		745 26 92
		380 7 92
		422 8 70
		714 5 98
		781 2 64
		677 14 76
		393 12 98
		804 19 72
		418 3 98
		896 21 69
		3 28 97
		744 11 42
		625 16 56
		375 9 96
		180 11 95
		493 7 59
		97 26 90
		500 40 83
		395 15 100
		165 16 85
		589 17 62
		284 2 87
		35 28 89
		31 1 76
		902 25 77
		810 4 42
		637 2 71
		311 25 91
		16 22 44
		281 11 49
		849 24 83
		260 12 62
		553 4 74
		723 4 91
		49 30 100
		528 17 94
		835 24 97
		805 23 87
		974 2 60
		53 14 96
generacja 86, waga 978, wartosc 5634, ocena 8429:
		901 9 59
		528 17 94
		968 11 94
		816 8 48
		805 23 87
		166 24 67
		393 12 98
		519 23 82
		331 1 63
		835 24 97
		714 5 98
		731 2 97
		180 11 95
		800 8 89
		626 3 48
		493 7 59
		311 25 91
		344 4 62
		739 10 4
		910 14 28
		706 24 52
		604 14 52
		8 3 62
		299 12 79
		500 40 83
		483 7 81
		807 19 56
		386 13 64
		801 18 89
		99 10 70
		634 19 48
		541 6 71
		849 24 83
		526 2 62
		335 4 52
		401 1 100
		911 6 64
		178 25 40
		128 12 84
		127 5 71
		53 14 96
		395 15 100
		29 23 72
		549 17 91
		378 1 51
		746 5 87
		204 30 75
		937 1 45
		723 4 91
		547 30 76
		21 3 30
		418 3 98
		165 16 85
		31 1 76
		804 19 72
		637 2 71
		548 16 87
		974 2 60
		893 13 92
		416 26 48
		68 40 85
		424 21 65
		715 7 80
		659 6 96
		810 4 42
		284 2 87
		97 26 90
		379 9 67
		380 7 92
		227 18 96
		49 30 100
		906 5 86
		553 4 74
		745 26 92
		375 9 96
		399 18 60
generacja 87, waga 996, wartosc 5558, ocena 8333:
		603 22 58
		897 3 56
		631 4 64
		714 5 98
		53 14 96
		358 49 90
		395 15 100
		798 27 61
		483 7 81
		401 1 100
		331 1 63
		204 30 75
		180 11 95
		31 1 76
		805 23 87
		380 7 92
		284 2 87
		375 9 96
		902 25 77
		0 16 89
		686 21 83
		659 6 96
		781 2 64
		731 2 97
		422 8 70
		906 5 86
		208 8 57
		974 2 60
		638 7 63
		801 18 89
		74 27 47
		378 1 51
		745 26 92
		901 9 59
		418 3 98
		531 19 89
		344 4 62
		260 12 62
		8 3 62
		128 12 84
		393 12 98
		97 26 90
		626 3 48
		424 21 65
		914 25 54
		937 1 45
		165 16 85
		528 17 94
		968 11 94
		849 24 83
		715 7 80
		333 2 26
		549 17 91
		281 11 49
		29 23 72
		800 8 89
		2 24 94
		117 31 85
		911 6 64
		309 5 15
		299 12 79
		433 6 65
		227 18 96
		189 22 98
		311 25 91
		896 21 69
		597 36 52
		926 15 72
		766 33 77
		784 2 25
		637 2 71
		677 14 76
		21 3 30
		621 8 50
		194 22 74
generacja 88, waga 987, wartosc 5594, ocena 8378:
		335 4 52
		401 1 100
		911 6 64
		178 25 40
		128 12 84
		127 5 71
		53 14 96
		395 15 100
		29 23 72
		549 17 91
		378 1 51
		746 5 87
		204 30 75
		937 1 45
		723 4 91
		547 30 76
		21 3 30
		418 3 98
		165 16 85
		31 1 76
		804 19 72
		637 2 71
		548 16 87
		974 2 60
		893 13 92
		416 26 48
		68 40 85
		424 21 65
		715 7 80
		659 6 96
		810 4 42
		284 2 87
		97 26 90
		379 9 67
		380 7 92
		227 18 96
		635 17 22
		634 19 48
		638 7 63
		623 18 81
		180 11 95
		906 5 86
		35 28 89
		968 11 94
		313 4 5
		805 23 87
		531 19 89
		113 36 70
		897 3 56
		311 25 91
		984 32 79
		24 35 96
		393 12 98
		615 16 63
		299 12 79
		528 17 94
		375 9 96
		331 1 63
		781 2 64
		519 23 82
		422 8 70
		370 14 74
		883 9 64
		0 16 89
		800 8 89
		849 24 83
		483 7 81
		451 12 64
		714 5 98
		731 2 97
		621 8 50
		902 25 77
		344 4 62
		745 26 92
generacja 89, waga 996, wartosc 5589, ocena 8379.5:
		334 34 75
		715 7 80
		800 8 89
		35 28 89
		553 4 74
		805 23 87
		284 2 87
		331 1 63
		500 40 83
		8 3 62
		801 18 89
		53 14 96
		746 5 87
		393 12 98
		541 6 71
		206 1 39
		549 17 91
		835 24 97
		344 4 62
		399 18 60
		31 1 76
		442 18 49
		940 15 56
		623 18 81
		638 7 63
		659 6 96
		968 11 94
		745 26 92
		677 14 76
		418 3 98
		433 6 65
		926 15 72
		394 5 43
		893 13 92
		906 5 86
		180 11 95
		29 23 72
		781 2 64
		380 7 92
		401 1 100
		731 2 97
		379 9 67
		901 9 59
		395 15 100
		911 6 64
		531 19 89
		723 4 91
		189 22 98
		23 8 38
		47 12 25
		99 10 70
		280 11 62
		816 8 48
		722 35 74
		637 2 71
		117 31 85
		974 2 60
		97 26 90
		311 25 91
		279 11 84
		528 17 94
		299 12 79
		621 8 50
		483 7 81
		849 24 83
		884 14 69
		902 25 77
		127 5 71
		132 27 60
		152 27 41
		166 24 67
		18 41 79
		378 1 51
		686 21 83
generacja 90, waga 997, wartosc 5733, ocena 8596.5:
		714 5 98
		656 12 85
		331 1 63
		31 1 76
		483 7 81
		677 14 76
		548 16 87
		623 18 81
		784 2 25
		380 7 92
		99 10 70
		596 40 61
		2 24 94
		531 19 89
		659 6 96
		133 3 5
		0 16 89
		715 7 80
		968 11 94
		208 8 57
		731 2 97
		911 6 64
		227 18 96
		152 27 41
		723 4 91
		612 11 7
		401 1 100
		686 21 83
		906 5 86
		243 21 63
		309 5 15
		901 9 59
		712 21 73
		442 18 49
		160 27 87
		633 20 57
		35 28 89
		493 7 59
		117 31 85
		422 8 70
		745 26 92
		393 12 98
		517 24 90
		816 8 48
		395 15 100
		8 3 62
		284 2 87
		311 25 91
		21 3 30
		418 3 98
		807 19 56
		989 25 14
		893 13 92
		260 12 62
		451 12 64
		499 37 97
		902 25 77
		23 8 38
		638 7 63
		687 11 71
		801 18 89
		76 8 53
		553 4 74
		97 26 90
		805 23 87
		621 8 50
		883 9 64
		127 5 71
		637 2 71
		523 7 9
		386 13 64
		781 2 64
		526 2 62
		746 5 87
		940 15 56
		53 14 96
		375 9 96
		810 4 42
		344 4 62
		378 1 51
		180 11 95
generacja 91, waga 999, wartosc 5702, ocena 8552:
		723 4 91
		35 28 89
		344 4 62
		75 38 95
		884 14 69
		589 17 62
		394 5 43
		105 17 58
		284 2 87
		165 16 85
		3 28 97
		433 6 65
		901 9 59
		549 17 91
		299 12 79
		378 1 51
		53 14 96
		528 17 94
		418 3 98
		712 21 73
		659 6 96
		375 9 96
		849 24 83
		333 2 26
		638 7 63
		493 7 59
		656 12 85
		29 23 72
		8 3 62
		21 3 30
		762 30 79
		323 33 90
		968 11 94
		31 1 76
		745 26 92
		633 20 57
		180 11 95
		401 1 100
		0 16 89
		393 12 98
		731 2 97
		380 7 92
		541 6 71
		906 5 86
		68 40 85
		335 4 52
		800 8 89
		204 30 75
		542 6 30
		781 2 64
		386 13 64
		395 15 100
		805 23 87
		331 1 63
		483 7 81
		715 7 80
		531 19 89
		166 24 67
		526 2 62
		519 23 82
		399 18 60
		260 12 62
		422 8 70
		744 11 42
		835 24 97
		208 8 57
		676 2 15
		914 25 54
		133 3 5
		630 10 34
		174 28 89
		714 5 98
		379 9 67
		974 2 60
		226 29 87
		940 15 56
		677 14 76
		637 2 71
generacja 92, waga 976, wartosc 5731, ocena 8572.5:
		341 48 56
		656 12 85
		633 20 57
		637 2 71
		849 24 83
		344 4 62
		805 23 87
		686 21 83
		31 1 76
		422 8 70
		901 9 59
		97 26 90
		626 3 48
		911 6 64
		299 12 79
		100 22 48
		640 21 70
		468 8 14
		180 11 95
		781 2 64
		380 7 92
		937 1 45
		926 15 72
		375 9 96
		267 3 19
		395 15 100
		715 7 80
		974 2 60
		547 30 76
		53 14 96
		204 30 75
		418 3 98
		483 7 81
		800 8 89
		631 4 64
		335 4 52
		810 4 42
		76 8 53
		531 19 89
		401 1 100
		208 8 57
		638 7 63
		333 2 26
		323 33 90
		589 17 62
		2 24 94
		906 5 86
		331 1 63
		723 4 91
		49 30 100
		260 12 62
		451 12 64
		433 6 65
		731 2 97
		393 12 98
		163 22 42
		968 11 94
		284 2 87
		816 8 48
		745 26 92
		379 9 67
		378 1 51
		548 16 87
		165 16 85
		528 17 94
		677 14 76
		8 3 62
		99 10 70
		399 18 60
		714 5 98
		424 21 65
		133 3 5
		831 2 6
		712 21 73
		549 17 91
		835 24 97
		659 6 96
		984 32 79
		493 7 59
		0 16 89
generacja 93, waga 992, wartosc 5792, ocena 8680:
		549 17 91
		204 30 75
		395 15 100
		974 2 60
		311 25 91
		805 23 87
		260 12 62
		180 11 95
		0 16 89
		334 34 75
		422 8 70
		526 2 62
		375 9 96
		344 4 62
		906 5 86
		31 1 76
		621 8 50
		638 7 63
		483 7 81
		194 22 74
		165 16 85
		686 21 83
		393 12 98
		531 19 89
		656 12 85
		309 5 15
		746 5 87
		911 6 64
		553 4 74
		623 18 81
		323 33 90
		807 19 56
		630 10 34
		127 5 71
		451 12 64
		226 29 87
		394 5 43
		333 2 26
		626 3 48
		893 13 92
		21 3 30
		117 31 85
		493 7 59
		548 16 87
		810 4 42
		784 2 25
		284 2 87
		380 7 92
		800 8 89
		401 1 100
		418 3 98
		331 1 63
		745 26 92
		731 2 97
		835 24 97
		637 2 71
		2 24 94
		504 34 76
		133 3 5
		744 11 42
		378 1 51
		8 3 62
		723 4 91
		538 4 16
		547 30 76
		409 27 74
		335 4 52
		76 8 53
		677 14 76
		712 21 73
		897 3 56
		914 25 54
		831 2 6
		166 24 67
		35 28 89
		79 6 46
		715 7 80
		968 11 94
		53 14 96
		901 9 59
		528 17 94
		299 12 79
generacja 94, waga 931, wartosc 5787, ocena 8611.5:
		395 15 100
		714 5 98
		816 8 48
		393 12 98
		493 7 59
		165 16 85
		378 1 51
		29 23 72
		189 22 98
		401 1 100
		731 2 97
		526 2 62
		375 9 96
		311 25 91
		687 11 71
		12 4 45
		604 14 52
		553 4 74
		656 12 85
		53 14 96
		31 1 76
		380 7 92
		418 3 98
		422 8 70
		800 8 89
		8 3 62
		99 10 70
		723 4 91
		542 6 30
		686 21 83
		805 23 87
		549 17 91
		934 26 98
		528 17 94
		180 11 95
		849 24 83
		451 12 64
		433 6 65
		163 22 42
		968 11 94
		284 2 87
		745 26 92
		379 9 67
		548 16 87
		781 2 64
		926 15 72
		204 30 75
		483 7 81
		531 19 89
		638 7 63
		835 24 97
		659 6 96
		299 12 79
		323 33 90
		776 25 57
		517 24 90
		589 17 62
		974 2 60
		331 1 63
		637 2 71
		16 22 44
		621 8 50
		23 8 38
		166 24 67
		884 14 69
		344 4 62
		623 18 81
		79 6 46
		896 21 69
		906 5 86
		715 7 80
		307 2 62
		76 8 53
		911 6 64
		409 27 74
		0 16 89
		901 9 59
generacja 95, waga 991, wartosc 5882, ocena 8814:
		849 24 83
		943 33 58
		519 23 82
		553 4 74
		378 1 51
		97 26 90
		831 2 6
		166 24 67
		180 11 95
		800 8 89
		31 1 76
		418 3 98
		433 6 65
		394 5 43
		893 13 92
		911 6 64
		531 19 89
		8 3 62
		807 19 56
		801 18 89
		260 12 62
		341 48 56
		422 8 70
		483 7 81
		968 11 94
		745 26 92
		656 12 85
		731 2 97
		395 15 100
		165 16 85
		714 5 98
		331 1 63
		621 8 50
		528 17 94
		906 5 86
		401 1 100
		380 7 92
		53 14 96
		637 2 71
		375 9 96
		393 12 98
		659 6 96
		589 17 62
		835 24 97
		284 2 87
		638 7 63
		974 2 60
		686 21 83
		805 23 87
		333 2 26
		549 17 91
		323 33 90
		2 24 94
		204 30 75
		299 12 79
		897 3 56
		625 16 56
		548 16 87
		781 2 64
		344 4 62
		997 10 28
		189 22 98
		631 4 64
		542 6 30
		547 30 76
		804 19 72
		526 2 62
		615 16 63
		194 22 74
		723 4 91
		937 1 45
		128 12 84
		279 11 84
		517 24 90
		399 18 60
		715 7 80
		127 5 71
		49 30 100
generacja 96, waga 980, wartosc 5845, ocena 8747.5:
		626 3 48
		344 4 62
		528 17 94
		974 2 60
		745 26 92
		380 7 92
		553 4 74
		260 12 62
		835 24 97
		395 15 100
		638 7 63
		531 19 89
		8 3 62
		849 24 83
		937 1 45
		422 8 70
		677 14 76
		807 19 56
		386 13 64
		379 9 67
		656 12 85
		284 2 87
		333 2 26
		906 5 86
		549 17 91
		393 12 98
		418 3 98
		331 1 63
		29 23 72
		401 1 100
		323 33 90
		621 8 50
		311 25 91
		731 2 97
		659 6 96
		31 1 76
		299 12 79
		53 14 96
		375 9 96
		911 6 64
		801 18 89
		483 7 81
		686 21 83
		901 9 59
		35 28 89
		615 16 63
		714 5 98
		715 7 80
		712 21 73
		623 18 81
		307 2 62
		968 11 94
		541 6 71
		884 14 69
		493 7 59
		3 28 97
		784 2 25
		767 29 66
		399 18 60
		810 4 42
		0 16 89
		97 26 90
		243 21 63
		128 12 84
		604 14 52
		589 17 62
		800 8 89
		12 4 45
		180 11 95
		640 21 70
		280 11 62
		633 20 57
		165 16 85
		548 16 87
		433 6 65
		804 19 72
		451 12 64
		504 34 76
generacja 97, waga 997, wartosc 6057, ocena 9082.5:
		418 3 98
		745 26 92
		165 16 85
		483 7 81
		623 18 81
		800 8 89
		526 2 62
		284 2 87
		127 5 71
		0 16 89
		401 1 100
		128 12 84
		31 1 76
		549 17 91
		968 11 94
		805 23 87
		731 2 97
		637 2 71
		621 8 50
		974 2 60
		659 6 96
		395 15 100
		638 7 63
		541 6 71
		375 9 96
		714 5 98
		279 11 84
		810 4 42
		801 18 89
		2 24 94
		816 8 48
		227 18 96
		331 1 63
		204 30 75
		451 12 64
		849 24 83
		781 2 64
		53 14 96
		606 39 78
		260 12 62
		656 12 85
		344 4 62
		29 23 72
		379 9 67
		399 18 60
		943 33 58
		958 20 61
		633 20 57
		528 17 94
		553 4 74
		677 14 76
		531 19 89
		493 7 59
		208 8 57
		893 13 92
		99 10 70
		676 2 15
		370 14 74
		626 3 48
		243 21 63
		400 36 83
		433 6 65
		940 15 56
		76 8 53
		49 30 100
		393 12 98
		835 24 97
		901 9 59
		8 3 62
		686 21 83
		926 15 72
		442 18 49
		424 21 65
		589 17 62
		784 2 25
		180 11 95
		378 1 51
		723 4 91
		380 7 92
		299 12 79
		715 7 80
generacja 98, waga 993, wartosc 6003, ocena 8997.5:
		731 2 97
		677 14 76
		716 16 47
		528 17 94
		375 9 96
		483 7 81
		0 16 89
		937 1 45
		659 6 96
		380 7 92
		334 34 75
		180 11 95
		715 7 80
		714 5 98
		127 5 71
		97 26 90
		204 30 75
		897 3 56
		974 2 60
		637 2 71
		548 16 87
		906 5 86
		907 19 89
		260 12 62
		379 9 67
		132 27 60
		189 22 98
		934 26 98
		626 3 48
		307 2 62
		250 19 56
		800 8 89
		21 3 30
		686 21 83
		279 11 84
		745 26 92
		378 1 51
		333 2 26
		911 6 64
		541 6 71
		549 17 91
		968 11 94
		208 8 57
		133 3 5
		638 7 63
		547 30 76
		615 16 63
		299 12 79
		323 33 90
		633 20 57
		395 15 100
		53 14 96
		623 18 81
		849 24 83
		831 2 6
		883 9 64
		604 14 52
		816 8 48
		835 24 97
		612 11 7
		526 2 62
		284 2 87
		493 7 59
		311 25 91
		901 9 59
		621 8 50
		807 19 56
		76 8 53
		722 35 74
		887 6 16
		656 12 85
		165 16 85
		8 3 62
		531 19 89
		805 23 87
		723 4 91
		553 4 74
		418 3 98
		331 1 63
		31 1 76
		393 12 98
		401 1 100
		893 13 92
generacja 99, waga 996, wartosc 6010, ocena 9011:
		659 6 96
		422 8 70
		553 4 74
		395 15 100
		804 19 72
		323 33 90
		0 16 89
		637 2 71
		623 18 81
		974 2 60
		901 9 59
		380 7 92
		723 4 91
		531 19 89
		519 23 82
		731 2 97
		638 7 63
		418 3 98
		937 1 45
		334 34 75
		180 11 95
		715 7 80
		714 5 98
		127 5 71
		97 26 90
		204 30 75
		897 3 56
		548 16 87
		906 5 86
		907 19 89
		260 12 62
		379 9 67
		132 27 60
		189 22 98
		934 26 98
		626 3 48
		307 2 62
		250 19 56
		800 8 89
		21 3 30
		686 21 83
		279 11 84
		745 26 92
		378 1 51
		333 2 26
		911 6 64
		541 6 71
		549 17 91
		968 11 94
		208 8 57
		133 3 5
		547 30 76
		615 16 63
		299 12 79
		633 20 57
		53 14 96
		849 24 83
		831 2 6
		883 9 64
		604 14 52
		816 8 48
		835 24 97
		612 11 7
		526 2 62
		284 2 87
		493 7 59
		311 25 91
		621 8 50
		807 19 56
		76 8 53
		722 35 74
		887 6 16
		656 12 85
		165 16 85
		8 3 62
		805 23 87
		331 1 63
		31 1 76
		393 12 98
		401 1 100
		893 13 92
		483 7 81
		375 9 96
generacja 100, waga 998, wartosc 5941, ocena 8909.5:
		637 2 71
		526 2 62
		569 23 100
		344 4 62
		401 1 100
		299 12 79
		615 16 63
		911 6 64
		621 8 50
		279 11 84
		974 2 60
		640 21 70
		280 11 62
		984 32 79
		329 27 66
		631 4 64
		659 6 96
		422 8 70
		553 4 74
		395 15 100
		804 19 72
		323 33 90
		0 16 89
		623 18 81
		901 9 59
		380 7 92
		723 4 91
		531 19 89
		519 23 82
		731 2 97
		638 7 63
		418 3 98
		937 1 45
		334 34 75
		180 11 95
		715 7 80
		714 5 98
		127 5 71
		97 26 90
		204 30 75
		897 3 56
		548 16 87
		378 1 51
		333 2 26
		541 6 71
		549 17 91
		968 11 94
		208 8 57
		133 3 5
		547 30 76
		633 20 57
		53 14 96
		849 24 83
		831 2 6
		883 9 64
		604 14 52
		816 8 48
		835 24 97
		612 11 7
		284 2 87
		493 7 59
		311 25 91
		807 19 56
		76 8 53
		722 35 74
		887 6 16
		656 12 85
		165 16 85
		8 3 62
		805 23 87
		331 1 63
		31 1 76
		393 12 98
		893 13 92
		483 7 81
		375 9 96
		800 8 89
		189 22 98
		686 21 83
		745 26 92
		906 5 86
generacja 101, waga 990, wartosc 5951, ocena 8916.5:
		180 11 95
		805 23 87
		740 26 96
		589 17 62
		800 8 89
		699 25 16
		849 24 83
		333 2 26
		375 9 96
		815 27 61
		623 18 81
		97 26 90
		906 5 86
		422 8 70
		553 4 74
		745 26 92
		401 1 100
		528 17 94
		677 14 76
		483 7 81
		633 20 57
		21 3 30
		127 5 71
		519 23 82
		208 8 57
		165 16 85
		260 12 62
		299 12 79
		656 12 85
		911 6 64
		395 15 100
		393 12 98
		541 6 71
		781 2 64
		549 17 91
		323 33 90
		31 1 76
		380 7 92
		974 2 60
		914 25 54
		204 30 75
		804 19 72
		526 2 62
		997 10 28
		311 25 91
		706 24 52
		883 9 64
		280 11 62
		189 22 98
		835 24 97
		531 19 89
		731 2 97
		378 1 51
		621 8 50
		723 4 91
		968 11 94
		937 1 45
		901 9 59
		379 9 67
		331 1 63
		638 7 63
		637 2 71
		659 6 96
		548 16 87
		29 23 72
		418 3 98
		284 2 87
		0 16 89
		53 14 96
		493 7 59
		8 3 62
		810 4 42
		227 18 96
		128 12 84
		897 3 56
		715 7 80
		984 32 79
		884 14 69
		712 21 73
		344 4 62
generacja 102, waga 1000, wartosc 6027, ocena 9040.5:
		801 18 89
		901 9 59
		380 7 92
		623 18 81
		714 5 98
		656 12 85
		323 33 90
		677 14 76
		902 25 77
		180 11 95
		429 25 57
		746 5 87
		634 19 48
		3 28 97
		399 18 60
		553 4 74
		531 19 89
		621 8 50
		442 18 49
		766 33 77
		378 1 51
		723 4 91
		395 15 100
		97 26 90
		745 26 92
		375 9 96
		638 7 63
		804 19 72
		937 1 45
		128 12 84
		0 16 89
		422 8 70
		589 17 62
		906 5 86
		800 8 89
		8 3 62
		483 7 81
		810 4 42
		418 3 98
		549 17 91
		637 2 71
		526 2 62
		299 12 79
		53 14 96
		835 24 97
		968 11 94
		974 2 60
		379 9 67
		165 16 85
		630 10 34
		401 1 100
		331 1 63
		189 22 98
		911 6 64
		659 6 96
		280 11 62
		704 10 68
		744 11 42
		542 6 30
		386 13 64
		208 8 57
		393 12 98
		712 21 73
		35 28 89
		805 23 87
		493 7 59
		731 2 97
		227 18 96
		284 2 87
		344 4 62
		31 1 76
		267 3 19
		99 10 70
		166 24 67
		21 3 30
		767 29 66
		260 12 62
		640 21 70
		715 7 80
		2 24 94
		926 15 72
generacja 103, waga 991, wartosc 6160, ocena 9231:
		807 19 56
		97 26 90
		723 4 91
		180 11 95
		638 7 63
		204 30 75
		375 9 96
		835 24 97
		53 14 96
		451 12 64
		805 23 87
		745 26 92
		379 9 67
		686 21 83
		418 3 98
		280 11 62
		781 2 64
		704 10 68
		744 11 42
		542 6 30
		395 15 100
		386 13 64
		208 8 57
		531 19 89
		901 9 59
		380 7 92
		401 1 100
		528 17 94
		49 30 100
		810 4 42
		623 18 81
		816 8 48
		902 25 77
		880 34 64
		422 8 70
		194 22 74
		677 14 76
		323 33 90
		659 6 96
		260 12 62
		974 2 60
		526 2 62
		3 28 97
		8 3 62
		637 2 71
		0 16 89
		31 1 76
		393 12 98
		165 16 85
		549 17 91
		656 12 85
		553 4 74
		267 3 19
		299 12 79
		284 2 87
		968 11 94
		21 3 30
		589 17 62
		483 7 81
		189 22 98
		279 11 84
		331 1 63
		433 6 65
		801 18 89
		800 8 89
		621 8 50
		626 3 48
		99 10 70
		740 26 96
		399 18 60
		344 4 62
		541 6 71
		849 24 83
		548 16 87
		893 13 92
		493 7 59
		519 23 82
		906 5 86
		715 7 80
		731 2 97
		378 1 51
		937 1 45
generacja 104, waga 998, wartosc 6125, ocena 9185.5:
		633 20 57
		800 8 89
		23 8 38
		284 2 87
		260 12 62
		344 4 62
		937 1 45
		204 30 75
		8 3 62
		531 19 89
		380 7 92
		526 2 62
		911 6 64
		29 23 72
		517 24 90
		117 31 85
		311 25 91
		807 19 56
		677 14 76
		548 16 87
		99 10 70
		422 8 70
		723 4 91
		375 9 96
		714 5 98
		906 5 86
		53 14 96
		634 19 48
		626 3 48
		528 17 94
		740 26 96
		940 15 56
		394 5 43
		378 1 51
		386 13 64
		128 12 84
		897 3 56
		279 11 84
		399 18 60
		127 5 71
		401 1 100
		659 6 96
		299 12 79
		395 15 100
		805 23 87
		180 11 95
		623 18 81
		331 1 63
		433 6 65
		483 7 81
		31 1 76
		656 12 85
		493 7 59
		997 10 28
		97 26 90
		589 17 62
		553 4 74
		810 4 42
		968 11 94
		637 2 71
		901 9 59
		451 12 64
		379 9 67
		615 16 63
		835 24 97
		165 16 85
		393 12 98
		745 26 92
		731 2 97
		359 33 45
		686 21 83
		333 2 26
		974 2 60
		189 22 98
		816 8 48
		424 21 65
		133 3 5
		831 2 6
		712 21 73
		549 17 91
		569 23 100
		781 2 64
		704 10 68
		744 11 42
		418 3 98
generacja 105, waga 1000, wartosc 6054, ocena 9081:
		189 22 98
		538 4 16
		906 5 86
		745 26 92
		968 11 94
		344 4 62
		331 1 63
		194 22 74
		99 10 70
		659 6 96
		395 15 100
		483 7 81
		375 9 96
		549 17 91
		393 12 98
		378 1 51
		379 9 67
		401 1 100
		31 1 76
		800 8 89
		626 3 48
		686 21 83
		531 19 89
		621 8 50
		723 4 91
		528 17 94
		974 2 60
		380 7 92
		311 25 91
		284 2 87
		53 14 96
		204 30 75
		260 12 62
		541 6 71
		399 18 60
		940 15 56
		29 23 72
		279 11 84
		569 23 100
		493 7 59
		731 2 97
		105 17 58
		519 23 82
		714 5 98
		226 29 87
		0 16 89
		180 11 95
		816 8 48
		35 28 89
		634 19 48
		128 12 84
		553 4 74
		548 16 87
		526 2 62
		323 33 90
		715 7 80
		752 34 92
		433 6 65
		706 24 52
		542 6 30
		677 14 76
		784 2 25
		165 16 85
		835 24 97
		637 2 71
		21 3 30
		849 24 83
		8 3 62
		902 25 77
		451 12 64
		623 18 81
		422 8 70
		424 21 65
		712 21 73
		901 9 59
		781 2 64
		911 6 64
		418 3 98
		656 12 85
		893 13 92
		831 2 6
generacja 106, waga 990, wartosc 6114, ocena 9161:
		226 29 87
		395 15 100
		926 15 72
		689 21 90
		849 24 83
		801 18 89
		686 21 83
		906 5 86
		835 24 97
		638 7 63
		2 24 94
		375 9 96
		974 2 60
		483 7 81
		633 20 57
		422 8 70
		284 2 87
		31 1 76
		731 2 97
		745 26 92
		260 12 62
		712 21 73
		621 8 50
		804 19 72
		526 2 62
		997 10 28
		311 25 91
		883 9 64
		280 11 62
		189 22 98
		531 19 89
		378 1 51
		723 4 91
		937 1 45
		901 9 59
		379 9 67
		331 1 63
		637 2 71
		659 6 96
		165 16 85
		299 12 79
		380 7 92
		323 33 90
		344 4 62
		333 2 26
		589 17 62
		117 31 85
		805 23 87
		401 1 100
		784 2 25
		180 11 95
		634 19 48
		715 7 80
		553 4 74
		549 17 91
		393 12 98
		451 12 64
		418 3 98
		53 14 96
		21 3 30
		160 27 87
		99 10 70
		161 5 50
		528 17 94
		493 7 59
		968 11 94
		541 6 71
		603 22 58
		0 16 89
		704 10 68
		744 11 42
		542 6 30
		893 13 92
		800 8 89
		656 12 85
		831 2 6
		781 2 64
		677 14 76
		815 27 61
		714 5 98
		548 16 87
		623 18 81
		810 4 42
generacja 107, waga 984, wartosc 6109, ocena 9147.5:
		0 16 89
		165 16 85
		8 3 62
		23 8 38
		623 18 81
		483 7 81
		712 21 73
		375 9 96
		906 5 86
		429 25 57
		395 15 100
		800 8 89
		893 13 92
		35 28 89
		174 28 89
		208 8 57
		399 18 60
		634 19 48
		549 17 91
		731 2 97
		344 4 62
		299 12 79
		31 1 76
		379 9 67
		378 1 51
		997 10 28
		659 6 96
		531 19 89
		621 8 50
		940 15 56
		243 21 63
		974 2 60
		801 18 89
		714 5 98
		637 2 71
		53 14 96
		418 3 98
		528 17 94
		901 9 59
		553 4 74
		393 12 98
		745 26 92
		746 5 87
		451 12 64
		331 1 63
		835 24 97
		21 3 30
		541 6 71
		313 4 5
		380 7 92
		656 12 85
		638 7 63
		807 19 56
		99 10 70
		97 26 90
		626 3 48
		204 30 75
		968 11 94
		422 8 70
		781 2 64
		715 7 80
		816 8 48
		723 4 91
		911 6 64
		194 22 74
		401 1 100
		180 11 95
		284 2 87
		29 23 72
		677 14 76
		784 2 25
		526 2 62
		958 20 61
		686 21 83
		804 19 72
		307 2 62
		132 27 60
		897 3 56
		589 17 62
		333 2 26
		805 23 87
		370 14 74
		260 12 62
		49 30 100
generacja 108, waga 965, wartosc 6196, ocena 9259:
		375 9 96
		798 27 61
		589 17 62
		974 2 60
		745 26 92
		344 4 62
		656 12 85
		526 2 62
		805 23 87
		633 20 57
		712 21 73
		816 8 48
		637 2 71
		531 19 89
		549 17 91
		418 3 98
		165 16 85
		422 8 70
		311 25 91
		379 9 67
		284 2 87
		634 19 48
		623 18 81
		714 5 98
		180 11 95
		553 4 74
		781 2 64
		401 1 100
		638 7 63
		208 8 57
		784 2 25
		528 17 94
		542 6 30
		261 22 90
		744 11 42
		380 7 92
		31 1 76
		630 10 34
		386 13 64
		395 15 100
		451 12 64
		968 11 94
		433 6 65
		937 1 45
		835 24 97
		279 11 84
		260 12 62
		128 12 84
		299 12 79
		686 21 83
		801 18 89
		393 12 98
		831 2 6
		97 26 90
		884 14 69
		35 28 89
		79 6 46
		936 14 27
		659 6 96
		378 1 51
		800 8 89
		331 1 63
		0 16 89
		333 2 26
		548 16 87
		723 4 91
		849 24 83
		715 7 80
		541 6 71
		615 16 63
		29 23 72
		893 13 92
		626 3 48
		902 25 77
		21 3 30
		53 14 96
		906 5 86
		206 1 39
		99 10 70
		934 26 98
		704 10 68
		731 2 97
		483 7 81
		23 8 38
		911 6 64
		901 9 59
generacja 109, waga 1000, wartosc 6153, ocena 9229.5:
		53 14 96
		745 26 92
		189 22 98
		937 1 45
		166 24 67
		968 11 94
		49 30 100
		418 3 98
		401 1 100
		31 1 76
		633 20 57
		656 12 85
		442 18 49
		804 19 72
		29 23 72
		553 4 74
		23 8 38
		500 40 83
		801 18 89
		375 9 96
		180 11 95
		35 28 89
		422 8 70
		526 2 62
		395 15 100
		659 6 96
		0 16 89
		97 26 90
		714 5 98
		528 17 94
		299 12 79
		333 2 26
		626 3 48
		723 4 91
		76 8 53
		901 9 59
		974 2 60
		638 7 63
		380 7 92
		8 3 62
		906 5 86
		805 23 87
		379 9 67
		731 2 97
		715 7 80
		378 1 51
		284 2 87
		483 7 81
		542 6 30
		493 7 59
		531 19 89
		344 4 62
		204 30 75
		800 8 89
		208 8 57
		331 1 63
		589 17 62
		547 30 76
		549 17 91
		816 8 48
		784 2 25
		79 6 46
		538 4 16
		926 15 72
		637 2 71
		433 6 65
		902 25 77
		835 24 97
		623 18 81
		893 13 92
		621 8 50
		677 14 76
		311 25 91
		548 16 87
		161 5 50
		393 12 98
		630 10 34
		541 6 71
		165 16 85
		394 5 43
		997 10 28
		940 15 56
		267 3 19
		160 27 87
		676 2 15
		746 5 87
generacja 110, waga 999, wartosc 6144, ocena 9215:
		68 40 85
		615 16 63
		887 6 16
		715 7 80
		659 6 96
		781 2 64
		483 7 81
		528 17 94
		284 2 87
		401 1 100
		974 2 60
		204 30 75
		422 8 70
		165 16 85
		227 18 96
		344 4 62
		375 9 96
		589 17 62
		393 12 98
		800 8 89
		307 2 62
		76 8 53
		656 12 85
		21 3 30
		621 8 50
		547 30 76
		433 6 65
		493 7 59
		740 26 96
		997 10 28
		97 26 90
		553 4 74
		810 4 42
		637 2 71
		686 21 83
		8 3 62
		549 17 91
		542 6 30
		816 8 48
		386 13 64
		626 3 48
		714 5 98
		442 18 49
		311 25 91
		849 24 83
		2 24 94
		541 6 71
		333 2 26
		180 11 95
		911 6 64
		53 14 96
		31 1 76
		906 5 86
		299 12 79
		745 26 92
		901 9 59
		331 1 63
		379 9 67
		378 1 51
		380 7 92
		807 19 56
		418 3 98
		35 28 89
		731 2 97
		776 25 57
		835 24 97
		623 18 81
		712 21 73
		395 15 100
		893 13 92
		638 7 63
		968 11 94
		0 16 89
		394 5 43
		128 12 84
		926 15 72
		519 23 82
		280 11 62
		105 17 58
		940 15 56
		29 23 72
		746 5 87
		526 2 62
		831 2 6
		677 14 76
generacja 111, waga 1000, wartosc 6162, ocena 9243:
		418 3 98
		0 16 89
		379 9 67
		8 3 62
		589 17 62
		519 23 82
		805 23 87
		767 29 66
		97 26 90
		626 3 48
		433 6 65
		548 16 87
		260 12 62
		526 2 62
		659 6 96
		531 19 89
		311 25 91
		331 1 63
		395 15 100
		835 24 97
		333 2 26
		284 2 87
		849 24 83
		393 12 98
		483 7 81
		784 2 25
		541 6 71
		386 13 64
		656 12 85
		722 35 74
		399 18 60
		517 24 90
		677 14 76
		723 4 91
		99 10 70
		804 19 72
		731 2 97
		165 16 85
		493 7 59
		715 7 80
		637 2 71
		2 24 94
		621 8 50
		686 21 83
		781 2 64
		375 9 96
		227 18 96
		816 8 48
		76 8 53
		47 12 25
		549 17 91
		299 12 79
		902 25 77
		630 10 34
		625 16 56
		189 22 98
		401 1 100
		884 14 69
		800 8 89
		180 11 95
		746 5 87
		911 6 64
		451 12 64
		633 20 57
		638 7 63
		714 5 98
		344 4 62
		378 1 51
		334 34 75
		21 3 30
		53 14 96
		3 28 97
		394 5 43
		542 6 30
		208 8 57
		267 3 19
		31 1 76
		906 5 86
		528 17 94
		380 7 92
		745 26 92
		968 11 94
		974 2 60
		422 8 70
generacja 112, waga 996, wartosc 6167, ocena 9246.5:
		553 4 74
		226 29 87
		280 11 62
		548 16 87
		375 9 96
		526 2 62
		528 17 94
		541 6 71
		603 22 58
		704 10 68
		744 11 42
		542 6 30
		831 2 6
		781 2 64
		626 3 48
		79 6 46
		416 26 48
		83 3 1
		687 11 71
		517 24 90
		189 22 98
		206 1 39
		784 2 25
		21 3 30
		23 8 38
		127 5 71
		800 8 89
		723 4 91
		897 3 56
		926 15 72
		621 8 50
		395 15 100
		893 13 92
		97 26 90
		531 19 89
		53 14 96
		380 7 92
		483 7 81
		31 1 76
		906 5 86
		934 26 98
		378 1 51
		974 2 60
		745 26 92
		422 8 70
		805 23 87
		623 18 81
		589 17 62
		714 5 98
		379 9 67
		418 3 98
		284 2 87
		433 6 65
		968 11 94
		299 12 79
		0 16 89
		901 9 59
		896 21 69
		816 8 48
		731 2 97
		180 11 95
		204 30 75
		331 1 63
		911 6 64
		399 18 60
		117 31 85
		656 12 85
		633 20 57
		807 19 56
		99 10 70
		500 40 83
		279 11 84
		194 22 74
		35 28 89
		637 2 71
		835 24 97
		260 12 62
		386 13 64
		549 17 91
		638 7 63
		659 6 96
		401 1 100
		393 12 98
		715 7 80
		333 2 26
		8 3 62
generacja 113, waga 998, wartosc 6355, ocena 9530.5:
		375 9 96
		745 26 92
		723 4 91
		208 8 57
		531 19 89
		8 3 62
		311 25 91
		344 4 62
		380 7 92
		379 9 67
		284 2 87
		638 7 63
		165 16 85
		714 5 98
		299 12 79
		968 11 94
		677 14 76
		659 6 96
		105 17 58
		731 2 97
		451 12 64
		99 10 70
		687 11 71
		29 23 72
		517 24 90
		897 3 56
		625 16 56
		433 6 65
		569 23 100
		35 28 89
		331 1 63
		835 24 97
		816 8 48
		884 14 69
		656 12 85
		686 21 83
		526 2 62
		621 8 50
		623 18 81
		615 16 63
		279 11 84
		637 2 71
		626 3 48
		901 9 59
		97 26 90
		378 1 51
		528 17 94
		542 6 30
		541 6 71
		804 19 72
		189 22 98
		395 15 100
		76 8 53
		784 2 25
		893 13 92
		281 11 49
		547 30 76
		386 13 64
		805 23 87
		634 19 48
		800 8 89
		323 33 90
		553 4 74
		401 1 100
		260 12 62
		393 12 98
		715 7 80
		16 22 44
		21 3 30
		23 8 38
		127 5 71
		926 15 72
		483 7 81
		0 16 89
		974 2 60
		180 11 95
		418 3 98
		53 14 96
		31 1 76
		548 16 87
		399 18 60
		911 6 64
		333 2 26
		422 8 70
		549 17 91
		906 5 86
generacja 114, waga 993, wartosc 6262, ocena 9386:
		344 4 62
		623 18 81
		208 8 57
		378 1 51
		493 7 59
		531 19 89
		638 7 63
		97 26 90
		745 26 92
		299 12 79
		549 17 91
		553 4 74
		0 16 89
		189 22 98
		659 6 96
		165 16 85
		53 14 96
		483 7 81
		31 1 76
		395 15 100
		656 12 85
		386 13 64
		180 11 95
		393 12 98
		800 8 89
		911 6 64
		621 8 50
		831 2 6
		29 23 72
		589 17 62
		206 1 39
		204 30 75
		781 2 64
		166 24 67
		807 19 56
		906 5 86
		714 5 98
		633 20 57
		21 3 30
		723 4 91
		784 2 25
		626 3 48
		267 3 19
		8 3 62
		99 10 70
		902 25 77
		974 2 60
		547 30 76
		117 31 85
		804 19 72
		835 24 97
		194 22 74
		422 8 70
		23 8 38
		686 21 83
		47 12 25
		548 16 87
		893 13 92
		127 5 71
		307 2 62
		523 7 9
		128 12 84
		943 33 58
		901 9 59
		311 25 91
		227 18 96
		541 6 71
		937 1 45
		375 9 96
		731 2 97
		331 1 63
		715 7 80
		401 1 100
		451 12 64
		526 2 62
		2 24 94
		528 17 94
		260 12 62
		380 7 92
		284 2 87
		637 2 71
		333 2 26
		968 11 94
		433 6 65
		418 3 98
		805 23 87
		379 9 67
generacja 115, waga 990, wartosc 6231, ocena 9336.5:
		483 7 81
		493 7 59
		677 14 76
		656 12 85
		180 11 95
		31 1 76
		686 21 83
		633 20 57
		250 19 56
		781 2 64
		676 2 15
		370 14 74
		731 2 97
		284 2 87
		380 7 92
		79 6 46
		23 8 38
		378 1 51
		893 13 92
		553 4 74
		745 26 92
		800 8 89
		621 8 50
		526 2 62
		805 23 87
		422 8 70
		393 12 98
		835 24 97
		333 2 26
		901 9 59
		395 15 100
		323 33 90
		810 4 42
		194 22 74
		784 2 25
		549 17 91
		226 29 87
		409 27 74
		712 21 73
		723 4 91
		299 12 79
		189 22 98
		801 18 89
		968 11 94
		401 1 100
		344 4 62
		97 26 90
		807 19 56
		746 5 87
		626 3 48
		849 24 83
		433 6 65
		715 7 80
		309 5 15
		714 5 98
		623 18 81
		740 26 96
		2 24 94
		53 14 96
		531 19 89
		897 3 56
		208 8 57
		375 9 96
		541 6 71
		379 9 67
		260 12 62
		906 5 86
		76 8 53
		0 16 89
		99 10 70
		542 6 30
		165 16 85
		589 17 62
		816 8 48
		974 2 60
		528 17 94
		638 7 63
		902 25 77
		911 6 64
		8 3 62
		804 19 72
		331 1 63
		418 3 98
		659 6 96
		204 30 75
generacja 116, waga 999, wartosc 6287, ocena 9429.5:
		906 5 86
		344 4 62
		218 23 53
		940 15 56
		189 22 98
		805 23 87
		526 2 62
		637 2 71
		623 18 81
		260 12 62
		835 24 97
		800 8 89
		781 2 64
		807 19 56
		21 3 30
		621 8 50
		901 9 59
		974 2 60
		528 17 94
		626 3 48
		0 16 89
		745 26 92
		483 7 81
		284 2 87
		393 12 98
		531 19 89
		731 2 97
		715 7 80
		53 14 96
		331 1 63
		166 24 67
		128 12 84
		615 16 63
		379 9 67
		659 6 96
		97 26 90
		99 10 70
		307 2 62
		8 3 62
		943 33 58
		638 7 63
		968 11 94
		519 23 82
		204 30 75
		49 30 100
		686 21 83
		180 11 95
		704 10 68
		744 11 42
		311 25 91
		831 2 6
		723 4 91
		333 2 26
		79 6 46
		208 8 57
		378 1 51
		395 15 100
		553 4 74
		31 1 76
		165 16 85
		937 1 45
		418 3 98
		547 30 76
		589 17 62
		541 6 71
		677 14 76
		380 7 92
		911 6 64
		902 25 77
		816 8 48
		883 9 64
		656 12 85
		2 24 94
		394 5 43
		804 19 72
		76 8 53
		422 8 70
		542 6 30
		714 5 98
		23 8 38
		897 3 56
		849 24 83
		433 6 65
		299 12 79
		401 1 100
		549 17 91
		375 9 96
generacja 117, waga 978, wartosc 6352, ocena 9506:
		902 25 77
		380 7 92
		31 1 76
		911 6 64
		974 2 60
		8 3 62
		804 19 72
		656 12 85
		816 8 48
		307 2 62
		677 14 76
		401 1 100
		541 6 71
		204 30 75
		386 13 64
		23 8 38
		279 11 84
		208 8 57
		715 7 80
		621 8 50
		21 3 30
		686 21 83
		984 32 79
		333 2 26
		745 26 92
		331 1 63
		968 11 94
		835 24 97
		637 2 71
		800 8 89
		378 1 51
		0 16 89
		189 22 98
		893 13 92
		801 18 89
		311 25 91
		901 9 59
		589 17 62
		633 20 57
		79 6 46
		344 4 62
		626 3 48
		422 8 70
		531 19 89
		807 19 56
		165 16 85
		781 2 64
		548 16 87
		549 17 91
		284 2 87
		180 11 95
		418 3 98
		723 4 91
		53 14 96
		714 5 98
		393 12 98
		395 15 100
		299 12 79
		906 5 86
		483 7 81
		731 2 97
		375 9 96
		810 4 42
		433 6 65
		805 23 87
		623 18 81
		97 26 90
		493 7 59
		379 9 67
		250 19 56
		907 19 89
		399 18 60
		394 5 43
		117 31 85
		766 33 77
		442 18 49
		280 11 62
		335 4 52
		528 17 94
		260 12 62
		746 5 87
		659 6 96
		553 4 74
		638 7 63
		937 1 45
		526 2 62
generacja 118, waga 998, wartosc 6429, ocena 9641.5:
		97 26 90
		746 5 87
		849 24 83
		189 22 98
		541 6 71
		968 11 94
		399 18 60
		0 16 89
		380 7 92
		714 5 98
		422 8 70
		49 30 100
		712 21 73
		451 12 64
		740 26 96
		937 1 45
		637 2 71
		911 6 64
		208 8 57
		280 11 62
		21 3 30
		805 23 87
		29 23 72
		483 7 81
		204 30 75
		311 25 91
		715 7 80
		901 9 59
		723 4 91
		974 2 60
		8 3 62
		284 2 87
		531 19 89
		589 17 62
		906 5 86
		165 16 85
		393 12 98
		344 4 62
		379 9 67
		553 4 74
		386 13 64
		53 14 96
		23 8 38
		299 12 79
		433 6 65
		638 7 63
		548 16 87
		401 1 100
		79 6 46
		656 12 85
		800 8 89
		615 16 63
		686 21 83
		926 15 72
		633 20 57
		744 11 42
		47 12 25
		180 11 95
		76 8 53
		331 1 63
		493 7 59
		549 17 91
		375 9 96
		35 28 89
		781 2 64
		731 2 97
		418 3 98
		816 8 48
		526 2 62
		394 5 43
		897 3 56
		659 6 96
		260 12 62
		395 15 100
		528 17 94
		31 1 76
		378 1 51
		621 8 50
		835 24 97
		626 3 48
		206 1 39
		804 19 72
		519 23 82
		940 15 56
		279 11 84
		569 23 100
		745 26 92
generacja 119, waga 994, wartosc 6461, ocena 9685.5:
		835 24 97
		801 18 89
		784 2 25
		926 15 72
		206 1 39
		344 4 62
		483 7 81
		723 4 91
		686 21 83
		519 23 82
		781 2 64
		896 21 69
		621 8 50
		53 14 96
		893 13 92
		656 12 85
		816 8 48
		974 2 60
		623 18 81
		208 8 57
		553 4 74
		393 12 98
		745 26 92
		284 2 87
		378 1 51
		805 23 87
		714 5 98
		401 1 100
		180 11 95
		528 17 94
		0 16 89
		375 9 96
		380 7 92
		260 12 62
		133 3 5
		99 10 70
		849 24 83
		333 2 26
		626 3 48
		395 15 100
		549 17 91
		715 7 80
		712 21 73
		331 1 63
		21 3 30
		165 16 85
		279 11 84
		638 7 63
		731 2 97
		634 19 48
		74 27 47
		911 6 64
		194 22 74
		280 11 62
		442 18 49
		526 2 62
		335 4 52
		189 22 98
		97 26 90
		31 1 76
		418 3 98
		542 6 30
		901 9 59
		204 30 75
		968 11 94
		422 8 70
		659 6 96
		299 12 79
		677 14 76
		548 16 87
		128 12 84
		906 5 86
		541 6 71
		8 3 62
		433 6 65
		800 8 89
		227 18 96
		76 8 53
		940 15 56
		379 9 67
		997 10 28
		127 5 71
		637 2 71
		2 24 94
		746 5 87
		633 20 57
		49 30 100
		810 4 42
		399 18 60
generacja 120, waga 994, wartosc 6379, ocena 9562.5:
		401 1 100
		311 25 91
		968 11 94
		433 6 65
		393 12 98
		712 21 73
		531 19 89
		805 23 87
		379 9 67
		206 1 39
		656 12 85
		715 7 80
		31 1 76
		745 26 92
		380 7 92
		97 26 90
		804 19 72
		284 2 87
		686 21 83
		723 4 91
		659 6 96
		299 12 79
		901 9 59
		378 1 51
		53 14 96
		549 17 91
		633 20 57
		99 10 70
		906 5 86
		880 34 64
		247 23 65
		677 14 76
		974 2 60
		519 23 82
		418 3 98
		0 16 89
		23 8 38
		816 8 48
		375 9 96
		307 2 62
		623 18 81
		626 3 48
		165 16 85
		422 8 70
		714 5 98
		541 6 71
		226 29 87
		893 13 92
		208 8 57
		344 4 62
		603 22 58
		831 2 6
		227 18 96
		744 11 42
		395 15 100
		731 2 97
		331 1 63
		849 24 83
		526 2 62
		493 7 59
		451 12 64
		2 24 94
		280 11 62
		528 17 94
		128 12 84
		8 3 62
		638 7 63
		621 8 50
		442 18 49
		189 22 98
		180 11 95
		781 2 64
		615 16 63
		937 1 45
		637 2 71
		589 17 62
		553 4 74
		386 13 64
		548 16 87
		79 6 46
		800 8 89
		897 3 56
		260 12 62
		483 7 81
		204 30 75
		911 6 64
		21 3 30
